0 0.18324682814302193 0.05493079584775087 0.31805074971164937 0.018166089965397925
0 0.7789792387543253 0.05817474048442907 0.0729527104959631 0.014273356401384083
0 0.6316320645905421 0.08553200692041522 0.3866782006920415 0.0361159169550173
0 0.21583044982698962 0.45674740484429066 0.43166089965397925 0.7785467128027682
0 0.21683967704728951 0.9131704152249135 0.42964244521337946 0.12262110726643599
0 0.5504613610149942 0.9434472318339101 0.23760092272202998 0.04909169550173011
1 0.6760380622837371 0.842128027681661 0.3693771626297578 0.12629757785467127
0 0.6663783160322952 0.7275086505190311 0.4463667820069204 0.10034602076124567
0 0.6585928489042676 0.6110510380622838 0.4405997693194925 0.1282439446366782
0 0.6513840830449827 0.42301038062283736 0.43367935409457903 0.24653979238754326
1 0.6365340253748558 0.20058391003460208 0.3711072664359862 0.19096020761245674
