0 0.6398500576701269 0.034169550173010384 0.2450980392156863 0.02378892733564014
0 0.7760957324106114 0.03903546712802768 0.021626297577854673 0.01189446366782007
0 0.8326124567474049 0.03881920415224913 0.022202998846597464 0.01578719723183391
1 0.8040657439446367 0.037737889273356404 0.036043829296424454 0.022275086505190313
0 0.4678489042675894 0.07201557093425606 0.7719146482122261 0.04541522491349481
1 0.328719723183391 0.15419550173010382 0.279123414071511 0.06920415224913495
1 0.6218281430219147 0.1647923875432526 0.20040369088811996 0.13451557093425606
0 0.3489042675893887 0.23756487889273356 0.0986159169550173 0.020544982698961937
0 0.6358131487889274 0.24286332179930797 0.17647058823529413 0.015138408304498271
0 0.4671280276816609 0.26048875432525953 0.3379469434832757 0.026600346020761247
0 0.1647923875432526 0.2842776816608997 0.13696655132641292 0.0166522491349481
0 0.467560553633218 0.4624783737024222 0.857843137254902 0.3298010380622837
1 0.24106113033448676 0.7676254325259516 0.27970011534025374 0.23724048442906576
1 0.6970876585928489 0.6540873702422145 0.20559400230680508 0.0296280276816609
1 0.6992502883506344 0.7343209342560554 0.21683967704728951 0.022707612456747406
1 0.7006920415224913 0.7840614186851211 0.38985005767012687 0.022707612456747406
1 0.7042964244521338 0.8447231833910035 0.3768742791234141 0.028114186851211073
0 0.7031430219146483 0.6921496539792388 0.1859861591695502 0.02703287197231834
0 0.7146770472895041 0.757893598615917 0.06776239907727798 0.026600346020761247
0 0.7367358708189158 0.80655276816609 0.10438292964244522 0.022275086505190313
0 0.7312572087658593 0.8685121107266436 0.09803921568627451 0.019463667820069204
0 0.23428489042675896 0.9152249134948097 0.31805074971164937 0.028546712802768166
0 0.7071799307958477 0.9030060553633218 0.19982698961937717 0.02703287197231834
0 0.34025374855824686 0.9496107266435987 0.6539792387543253 0.03676470588235294
0 0.890282583621684 0.9768598615916956 0.03373702422145329 0.02422145328719723
