0 0.2370242214532872 0.05741782006920415 0.30276816608996543 0.0231401384083045
0 0.7895040369088813 0.08088235294117647 0.06920415224913495 0.018166089965397925
3 0.43641868512110726 0.08120674740484429 0.2903690888119954 0.0231401384083045
3 0.435121107266436 0.11905276816608996 0.33391003460207613 0.022275086505190313
3 0.4367070357554787 0.16057525951557095 0.3290080738177624 0.0231401384083045
3 0.43641868512110726 0.22545415224913495 0.14619377162629757 0.024437716262975778
3 0.4349769319492503 0.2671929065743945 0.30074971164936565 0.020112456747404844
3 0.16017877739331027 0.30979671280276816 0.17964244521337946 0.024437716262975778
3 0.4400230680507497 0.33217993079584773 0.3223760092272203 0.021626297577854673
3 0.4361303344867359 0.3742430795847751 0.4743367935409458 0.025302768166089964
3 0.1371107266435986 0.3998702422145329 0.1317762399077278 0.021626297577854673
3 0.4411764705882353 0.44420415224913495 0.14994232987312572 0.02378892733564014
3 0.4408881199538639 0.6265138408304498 0.4682814302191465 0.019463667820069204
3 0.33073817762399077 0.6882569204152249 0.24971164936562862 0.09666955017301038
3 0.43944636678200694 0.8486159169550174 0.7133794694348328 0.12889273356401384
0 0.21683967704728951 0.09926470588235295 0.2837370242214533 0.022923875432525952
0 0.7903690888119954 0.12229671280276817 0.06920415224913495 0.018814878892733564
0 0.7962802768166091 0.16306228373702422 0.06545559400230681 0.019463667820069204
0 0.30954440599769323 0.14035467128027682 0.46510957324106117 0.021626297577854673
0 0.4338235294117647 0.18252595155709342 0.7961361014994234 0.018166089965397925
0 0.11548442906574395 0.20198961937716264 0.1577277970011534 0.020761245674740483
0 0.046280276816609 0.24416089965397925 0.03835063437139562 0.025951557093425608
0 0.8057958477508651 0.2657871972318339 0.06545559400230681 0.022923875432525952
0 0.802479815455594 0.32926038062283736 0.07035755478662054 0.028762975778546713
0 0.19953863898500576 0.28633217993079585 0.33333333333333337 0.020761245674740483
0 0.3369377162629758 0.3094723183391004 0.16234140715109574 0.02378892733564014
0 0.1980968858131488 0.3522923875432526 0.2635524798154556 0.021626297577854673
0 0.04873125720876586 0.39814013840830453 0.03748558246828143 0.019463667820069204
0 0.28748558246828143 0.39814013840830453 0.15570934256055363 0.019463667820069204
0 0.20862168396770472 0.4193339100346021 0.2846020761245675 0.018598615916955018
0 0.16118800461361016 0.46626297577854675 0.2047289504036909 0.021626297577854673
0 0.4369953863898501 0.533196366782007 0.8336216839677048 0.10964532871972318
0 0.3438581314878893 0.6031574394463668 0.5666089965397924 0.025951557093425608
0 0.23313148788927338 0.7508650519031143 0.43915801614763555 0.025951557093425608
0 0.28748558246828143 0.776492214532872 0.4555940023068051 0.022275086505190313
0 0.43944636678200694 0.9332828719723184 0.8673587081891581 0.04606401384083045
0 0.9225778546712803 0.8651600346020761 0.029700115340253748 0.0166522491349481
0 0.9250288350634371 0.923226643598616 0.032871972318339104 0.060553633217993084
0 0.8403979238754326 0.9805363321799309 0.11735870818915801 0.025086505190311418
