2 0.46655132641291813 0.13905709342560554 0.7525951557093425 0.16219723183391005
0 0.20631487889273356 0.23529411764705882 0.16868512110726644 0.021626297577854673
0 0.46438869665513266 0.2893598615916955 0.7684544405997693 0.08434256055363322
0 0.32886389850057673 0.3823529411764706 0.4455017301038062 0.10596885813148789
0 0.4658304498269896 0.47858996539792387 0.8030565167243369 0.0929930795847751
1 0.6784890426758939 0.6169982698961938 0.2364475201845444 0.19247404844290658
1 0.2560553633217993 0.6829584775086506 0.2970011534025375 0.1319204152249135
0 0.6720011534025375 0.7494593425605537 0.18021914648212226 0.05947231833910035
0 0.25893886966551327 0.766219723183391 0.2595155709342561 0.019463667820069204
0 0.37355824682814304 0.8624567474048443 0.595444059976932 0.14057093425605538
0 0.9264705882352942 0.8392084775086506 0.0461361014994233 0.02703287197231834
0 0.9214244521337948 0.8970588235294118 0.021626297577854673 0.056228373702422146
0 0.7801326412918108 0.9511245674740485 0.263840830449827 0.02378892733564014
