1 0.23861014994232987 0.04617214532871972 0.44031141868512114 0.09191176470588236
1 0.11029411764705882 0.10261678200692041 0.045271049596309114 0.026600346020761247
1 0.4870242214532872 0.05557958477508651 0.01730103806228374 0.10986159169550173
1 0.6098615916955018 0.020436851211072665 0.2301038062283737 0.030925605536332182
1 0.7861880046136102 0.006812283737024222 0.2782583621683968 0.013624567474048443
1 0.9234429065743945 0.07396193771626298 0.021049596309111882 0.11505190311418685
0 0.7050173010380623 0.0694204152249135 0.4204152249134948 0.06920415224913495
0 0.7086216839677048 0.10910467128027682 0.41320645905420994 0.024437716262975778
1 0.7107843137254902 0.12478373702422146 0.4100346020761246 0.015570934256055364
0 0.2383217993079585 0.12045847750865052 0.4743367935409458 0.009083044982698962
0 0.26023644752018454 0.10337370242214533 0.24019607843137256 0.015138408304498271
0 0.32006920415224915 0.14619377162629757 0.5484429065743944 0.019463667820069204
0 0.3399653979238754 0.17993079584775087 0.6401384083044983 0.04498269896193772
0 0.8193483275663207 0.27097750865051906 0.25807381776239907 0.2768166089965398
0 0.4854382929642445 0.3315311418685121 0.4195501730103806 0.2530276816608997
1 0.13509227220299885 0.27778979238754326 0.2696078431372549 0.13127162629757785
0 0.1379757785467128 0.4039792387543253 0.27249134948096887 0.11461937716262977
0 0.8405420991926182 0.48161764705882354 0.26182237600922725 0.13365051903114186
0 0.7684544405997693 0.5594723183391004 0.052479815455594006 0.012543252595155709
1 0.7295271049596309 0.5621756055363322 0.0196078431372549 0.010164359861591695
0 0.8448673587081892 0.5843425605536332 0.2445213379469435 0.02422145328719723
0 0.8499134948096886 0.6665224913494809 0.2644175317185698 0.13667820069204153
1 0.42099192618223763 0.6105103806228374 0.5530565167243368 0.27249134948096887
0 0.07064590542099193 0.6511678200692042 0.13610149942329874 0.3546712802768166
0 0.21049596309111882 0.7914143598615917 0.12918108419838525 0.0685553633217993
0 0.14273356401384082 0.9168468858131488 0.26758938869665516 0.1615484429065744
0 0.5468569780853518 0.7711937716262977 0.4945213379469435 0.021626297577854673
0 0.5680507497116494 0.7997404844290658 0.5242214532871973 0.041089965397923874
0 0.5027393310265282 0.9022491349480969 0.4108996539792388 0.16392733564013842
0 0.7821510957324106 0.8730536332179931 0.12773933102652826 0.10423875432525952
0 0.9162341407151096 0.8338019031141869 0.12312572087658594 0.17625432525951557
1 0.8452998846597463 0.9368512110726643 0.20040369088811996 0.02422145328719723
0 0.8434256055363322 0.9584775086505191 0.24567474048442908 0.014705882352941176
0 0.8415513264129182 0.9882136678200693 0.10236447520184545 0.011461937716262976
0 0.7191464821222607 0.9930795847750865 0.10668973471741638 0.013408304498269897
0 0.5493079584775087 0.995242214532872 0.1908881199538639 0.009083044982698962
