0 0.7316897347174164 0.04422577854671281 0.1980968858131488 0.022275086505190313
0 0.8783160322952711 0.047469723183391 0.02306805074971165 0.020112456747404844
1 0.8487600922722031 0.047145328719723184 0.036043829296424454 0.030276816608996542
1 0.2641291810841984 0.2718425605536332 0.14417531718569782 0.08261245674740485
1 0.4176758938869666 0.2723832179930796 0.131199538638985 0.09234429065743945
1 0.5637254901960784 0.2821150519031142 0.14071510957324107 0.08153114186851211
1 0.7125144175317186 0.28016868512110726 0.14129181084198386 0.09191176470588236
3 0.493800461361015 0.08207179930795848 0.18079584775086505 0.025302768166089964
3 0.4949538638985006 0.512651384083045 0.2955594002306805 0.03784602076124568
3 0.49235870818915806 0.6002378892733564 0.28921568627450983 0.02487024221453287
3 0.4949538638985006 0.6584126297577855 0.22923875432525953 0.037413494809688586
3 0.48976355247981546 0.7716262975778547 0.2782583621683968 0.041089965397923874
3 0.6523933102652826 0.8777032871972319 0.45069204152249137 0.035683391003460206
3 0.4894752018454441 0.9604238754325259 0.13927335640138408 0.028114186851211073
0 0.4945213379469435 0.15635813148788927 0.8096885813148789 0.12759515570934257
0 0.2706170703575548 0.3266652249134948 0.07064590542099193 0.016219723183391006
0 0.41133217993079585 0.327530276816609 0.0591118800461361 0.018814878892733564
0 0.5596885813148789 0.33099048442906576 0.060553633217993084 0.01838235294117647
0 0.7096309111880046 0.3336937716262976 0.066320645905421 0.01730103806228374
0 0.4962514417531719 0.35780709342560557 0.2595155709342561 0.020977508650519033
0 0.38566897347174167 0.4010596885813149 0.6104382929642446 0.025302768166089964
0 0.49163783160322955 0.4554498269896194 0.8281430219146483 0.06704152249134948
0 0.8737024221453288 0.5158953287197232 0.06862745098039216 0.020544982698961937
0 0.33261245674740486 0.5410899653979239 0.5175893886966552 0.019896193771626297
0 0.28690888119953867 0.5710423875432526 0.342560553633218 0.022707612456747406
0 0.46929065743944637 0.6227292387543253 0.7246251441753172 0.020977508650519033
0 0.8820645905420992 0.6551686851211073 0.06343713956170703 0.0231401384083045
0 0.49264705882352944 0.6865268166089966 0.8434256055363322 0.017949826989619378
0 0.09443483275663207 0.7119377162629758 0.04815455594002307 0.02119377162629758
0 0.3760092272202999 0.7343209342560554 0.5392156862745098 0.020544982698961937
0 0.8881199538638985 0.7660034602076125 0.058246828143021914 0.019896193771626297
0 0.4920703575547866 0.8181228373702423 0.8463091118800462 0.04541522491349481
0 0.0919838523644752 0.8546712802768166 0.0461361014994233 0.019896193771626297
0 0.2628316032295271 0.8851643598615917 0.3186274509803922 0.021626297577854673
0 0.9078719723183392 0.8768382352941176 0.021626297577854673 0.022275086505190313
0 0.30752595155709345 0.908196366782007 0.5002883506343714 0.024437716262975778
0 0.23313148788927338 0.9352292387543253 0.26672433679354096 0.024437716262975778
0 0.8823529411764706 0.985726643598616 0.02364475201845444 0.019463667820069204
