0 0.6881487889273357 0.07644896193771626 0.45126874279123413 0.12651384083044984
0 0.26095732410611305 0.13483996539792387 0.23990772779700115 0.020544982698961937
1 0.23356401384083045 0.0726643598615917 0.4215686274509804 0.09731833910034603
1 0.11317762399077279 0.13862456747404844 0.0395040369088812 0.02378892733564014
1 0.8042099192618224 0.20728806228373703 0.24798154555940025 0.1157006920415225
0 0.07857554786620531 0.1590614186851211 0.14042675893886966 0.01189446366782007
0 0.21885813148788927 0.15289792387543252 0.12110726643598617 0.012543252595155709
0 0.3817762399077278 0.14641003460207613 0.17589388696655134 0.010380622837370242
0 0.14922145328719724 0.19182525951557095 0.26038062283737023 0.0393598615916955
0 0.46640715109573244 0.18068771626297578 0.3682237600922722 0.044333910034602075
0 0.3359284890426759 0.2196150519031142 0.26297577854671284 0.02487024221453287
0 0.34529988465974626 0.317257785467128 0.669838523644752 0.1842560553633218
0 0.8155997693194925 0.30266003460207613 0.25230680507497116 0.06985294117647059
0 0.8304498269896194 0.4142517301038062 0.26874279123414074 0.13948961937716264
0 0.626441753171857 0.4480968858131488 0.13062283737024222 0.08477508650519032
0 0.14604959630911188 0.4870242214532872 0.2696078431372549 0.11937716262975778
0 0.15715109573241062 0.7668685121107267 0.2993079584775087 0.4152249134948097
1 0.42964244521337946 0.5508217993079585 0.27450980392156865 0.27292387543252594
1 0.5800173010380623 0.5064878892733564 0.021626297577854673 0.01903114186851211
0 0.6195213379469435 0.506704152249135 0.056228373702422146 0.015138408304498271
0 0.7737889273356402 0.5176254325259516 0.330161476355248 0.016219723183391006
0 0.7785467128027682 0.6011029411764706 0.40599769319492507 0.16371107266435986
1 0.16104382929642447 0.985726643598616 0.3042099192618224 0.028114186851211073
0 0.5178777393310265 0.8424524221453288 0.42675893886966554 0.3146626297577855
0 0.865916955017301 0.8116349480968859 0.26758938869665516 0.25519031141868515
1 0.8660611303344867 0.9474480968858132 0.20328719723183392 0.021626297577854673
0 0.8672145328719724 0.9727508650519031 0.24134948096885814 0.01730103806228374
