0 0.8026239907727797 0.0280060553633218 0.09083044982698962 0.022275086505190313
0 0.4803921568627451 0.08607266435986159 0.17012687427912343 0.028114186851211073
0 0.2970011534025375 0.13019031141868512 0.35121107266435986 0.023356401384083045
3 0.1835351787773933 0.16749567474048443 0.12254901960784315 0.0426038062283737
3 0.4602076124567474 0.16782006920415227 0.20184544405997693 0.04757785467128028
3 0.20833333333333334 0.21647923875432526 0.16234140715109574 0.04541522491349481
0 0.45155709342560557 0.2561634948096886 0.6805074971164937 0.025302768166089964
3 0.20040369088811996 0.3008217993079585 0.14763552479815456 0.04541522491349481
3 0.4465109573241061 0.2999567474048443 0.15426758938869667 0.06228373702422146
3 0.6065455594002307 0.3556444636678201 0.15426758938869667 0.04822664359861592
0 0.3215109573241061 0.3534818339100346 0.4146482122260669 0.025302768166089964
0 0.7378892733564014 0.35532006920415227 0.10380622837370243 0.021626297577854673
0 0.16219723183391005 0.3945717993079585 0.09140715109573241 0.020977508650519033
0 0.37053056516724336 0.3931660899653979 0.05997693194925029 0.021626297577854673
0 0.6182237600922722 0.3938148788927336 0.28546712802768165 0.021626297577854673
3 0.27277970011534025 0.3953287197231834 0.12975778546712805 0.02378892733564014
3 0.4361303344867359 0.39511245674740486 0.06718569780853519 0.019896193771626297
3 0.2102076124567474 0.4586937716262976 0.19607843137254902 0.04974048442906574
3 0.5122549019607844 0.45804498269896193 0.2926758938869666 0.04757785467128028
3 0.27753748558246827 0.5254108996539792 0.10467128027681662 0.07504325259515571
0 0.29916378316032294 0.41857698961937717 0.3711072664359862 0.02487024221453287
0 0.16767589388696655 0.5243295847750865 0.11101499423298732 0.0231401384083045
0 0.530565167243368 0.5213019031141869 0.3944636678200692 0.020544982698961937
0 0.16724336793540948 0.5859645328719724 0.10899653979238755 0.022275086505190313
0 0.45083621683967706 0.5818555363321799 0.08217993079584775 0.016219723183391006
0 0.7840253748558247 0.5807742214532872 0.21626297577854672 0.020544982698961937
0 0.14345444059976933 0.6108347750865052 0.1519607843137255 0.024437716262975778
0 0.1848327566320646 0.6384083044982699 0.15282583621683968 0.025519031141868515
0 0.5557958477508651 0.6324610726643599 0.1911764705882353 0.022275086505190313
3 0.31718569780853517 0.5832612456747405 0.185121107266436 0.029844290657439446
3 0.5843425605536332 0.5821799307958477 0.1831026528258362 0.022058823529411766
3 0.3604382929642445 0.636461937716263 0.19550173010380623 0.02378892733564014
0 0.4818339100346021 0.6884731833910035 0.16724336793540948 0.031358131487889275
0 0.48486159169550175 0.7768166089965398 0.8376585928489043 0.07742214532871973
0 0.2501441753171857 0.8278546712802768 0.29498269896193774 0.028114186851211073
0 0.7465397923875433 0.8233131487889274 0.328719723183391 0.023356401384083045
0 0.37846020761245674 0.9373918685121108 0.5729527104959631 0.033953287197231834
0 0.860726643598616 0.9741565743944637 0.040945790080738176 0.024437716262975778
3 0.48875432525951557 0.8270977508650519 0.185121107266436 0.024437716262975778
3 0.4488177623990773 0.8527249134948097 0.6905997693194925 0.028114186851211073
3 0.5085063437139562 0.8806228373702423 0.8145905420991927 0.029844290657439446
