0 0.4473760092272203 0.05720155709342561 0.7799884659746251 0.04390138408304498
0 0.17373125720876587 0.09991349480968859 0.24884659746251442 0.025519031141868515
0 0.4466551326412918 0.14565311418685123 0.792964244521338 0.04865916955017301
0 0.16580161476355249 0.18858131487889274 0.24163783160322955 0.02422145328719723
0 0.4495386389850058 0.24513408304498271 0.8044982698961938 0.06812283737024222
0 0.20371972318339102 0.30298442906574397 0.327277970011534 0.025951557093425608
0 0.44694348327566324 0.37240484429065746 0.8212226066897348 0.08910034602076125
0 0.45126874279123413 0.45761245674740486 0.276239907727797 0.028114186851211073
0 0.31358131487889274 0.5032439446366782 0.476643598615917 0.019896193771626297
3 0.45155709342560557 0.5259515570934257 0.4094579008073818 0.022058823529411766
0 0.4476643598615917 0.5737456747404844 0.844002306805075 0.06920415224913495
3 0.45271049596309115 0.6251081314878892 0.4302191464821223 0.02487024221453287
0 0.4505478662053057 0.6765787197231834 0.8555363321799309 0.07244809688581315
3 0.44910611303344866 0.7368079584775087 0.3480392156862745 0.050173010380622836
3 0.4147923875432526 0.7847102076124568 0.28690888119953867 0.04649653979238755
3 0.45170126874279126 0.8498053633217993 0.4743367935409458 0.026600346020761247
3 0.45271049596309115 0.8833261245674741 0.47635524798154555 0.04044117647058824
0 0.4224336793540946 0.820393598615917 0.7272202998846597 0.02487024221453287
0 0.45155709342560557 0.9316608996539792 0.8737024221453288 0.05839100346020761
0 0.9361303344867359 0.8649437716262977 0.030276816608996542 0.017949826989619378
0 0.9390138408304498 0.9240916955017301 0.027393310265282585 0.06487889273356402
0 0.8517877739331027 0.9841046712802769 0.1384083044982699 0.022707612456747406
