0 0.2817185697808535 0.04552335640138409 0.4671280276816609 0.020977508650519033
0 0.793396770472895 0.051686851211072665 0.06545559400230681 0.014273356401384083
0 0.24077277970011535 0.1071583044982699 0.3892733564013841 0.10099480968858132
1 0.6404267589388697 0.1136461937716263 0.18281430219146483 0.09364186851211073
1 0.6688292964244521 0.26038062283737023 0.3780276816608997 0.19679930795847753
1 0.23803344867358708 0.21604671280276816 0.379757785467128 0.11807958477508651
0 0.24279123414071513 0.3061202422145329 0.3990772779700115 0.059039792387543255
0 0.6750288350634371 0.3973832179930796 0.4002306805074971 0.06423010380622837
0 0.24134948096885814 0.5537413494809689 0.42675893886966554 0.4318771626297578
0 0.6917531718569782 0.5274653979238755 0.43367935409457903 0.1846885813148789
1 0.6934832756632064 0.6810121107266436 0.20184544405997693 0.11807958477508651
1 0.6946366782006921 0.7995242214532873 0.408881199538639 0.12326989619377163
0 0.7009803921568628 0.8958693771626298 0.4405997693194925 0.06639273356401384
0 0.2442329873125721 0.7913062283737025 0.44232987312572086 0.04195501730103807
2 0.24812572087658594 0.8767301038062284 0.4478085351787774 0.13624567474048443
0 0.47880622837370246 0.9506920415224914 0.09025374855824683 0.01730103806228374
