0 0.2945501730103806 0.04768598615916955 0.3157439446366782 0.07461072664359862
0 0.48010380622837373 0.0028114186851211074 0.07151095732410612 0.005622837370242215
0 0.754325259515571 0.009839965397923875 0.1787773933102653 0.01967993079584775
1 0.8748558246828143 0.011461937716262976 0.060553633217993084 0.022923875432525952
1 0.036043829296424454 0.025086505190311418 0.04671280276816609 0.02378892733564014
0 0.0591118800461361 0.13181228373702422 0.1118800461361015 0.18230968858131488
1 0.0983275663206459 0.2383217993079585 0.043252595155709346 0.03200692041522491
1 0.165080738177624 0.12240484429065744 0.03258362168396771 0.03460207612456748
1 0.7752306805074971 0.23475346020761245 0.2926758938869666 0.14597750865051903
0 0.5230680507497116 0.11288927335640139 0.4786620530565167 0.0263840830449827
0 0.5279700115340253 0.15235726643598616 0.4671280276816609 0.0361159169550173
0 0.21309111880046136 0.2970371972318339 0.17012687427912343 0.24545847750865052
0 0.4649653979238754 0.2943339100346021 0.32093425605536335 0.24221453287197234
0 0.7860438292964245 0.35748269896193774 0.30565167243367936 0.10596885813148789
0 0.5360438292964245 0.05211937716262976 0.14705882352941177 0.07569204152249136
0 0.6905997693194925 0.05612024221453287 0.14359861591695502 0.07504325259515571
0 0.8405420991926182 0.06012110726643599 0.15051903114186851 0.07785467128027682
0 0.20357554786620533 0.12478373702422146 0.040369088811995385 0.01903114186851211
0 0.013985005767012688 0.26859861591695505 0.015859284890426758 0.04065743944636678
1 0.013696655132641292 0.30590397923875434 0.013552479815455595 0.03525086505190311
1 0.01441753171856978 0.24243079584775087 0.014994232987312572 0.010813148788927337
0 0.059544405997693194 0.5327638408304498 0.06199538638985006 0.5266003460207612
1 0.06228373702422146 0.9192257785467128 0.12110726643598617 0.1611159169550173
1 0.14677047289504036 0.4337153979238754 0.03460207612456748 0.03352076124567474
1 0.8200692041522492 0.4266868512110727 0.031718569780853516 0.03243944636678201
0 0.18742791234140715 0.4383650519031142 0.040945790080738176 0.01773356401384083
0 0.4134948096885813 0.44571799307958476 0.3662053056516724 0.019463667820069204
0 0.8553921568627452 0.42917387543252594 0.03892733564013841 0.017949826989619378
0 0.886966551326413 0.6067257785467128 0.15282583621683968 0.3189878892733564
0 0.4127739331026528 0.4688581314878893 0.22923875432525953 0.025951557093425608
0 0.38523644752018454 0.5321150519031143 0.4959630911188005 0.1027249134948097
0 0.7182814302191465 0.5037846020761246 0.15859284890426759 0.1485726643598616
0 0.4010957324106113 0.6115916955017301 0.39215686274509803 0.019463667820069204
0 0.39071510957324107 0.6357050173010381 0.24567474048442908 0.026600346020761247
0 0.3895617070357555 0.709234429065744 0.5046136101499423 0.12045847750865052
0 0.7285178777393311 0.6746323529411765 0.16003460207612458 0.16933391003460208
0 0.40340253748558247 0.8052551903114187 0.39215686274509803 0.04217128027681661
0 0.223760092272203 0.9168468858131488 0.17589388696655134 0.16587370242214533
0 0.39576124567474047 0.9170631487889274 0.1652249134948097 0.16544117647058823
0 0.5637254901960784 0.9130622837370242 0.16089965397923875 0.17344290657439446
0 0.7335640138408305 0.8795415224913495 0.16147635524798154 0.21885813148788927
0 0.8946078431372549 0.8743512110726643 0.13927335640138408 0.21626297577854672
