0 0.43281430219146483 0.16230536332179932 0.7237600922722031 0.1416522491349481
1 0.4346885813148789 0.35650951557093424 0.44896193771626297 0.23897058823529413
0 0.43757208765859285 0.48810553633217996 0.20098039215686275 0.019896193771626297
0 0.43757208765859285 0.5356833910034602 0.2240484429065744 0.023356401384083045
0 0.43440023068050754 0.710856401384083 0.8001730103806228 0.28070934256055363
0 0.14705882352941177 0.8770544982698962 0.23990772779700115 0.02703287197231834
0 0.43151672433679356 0.922037197231834 0.8088235294117647 0.052984429065743945
0 0.8827854671280277 0.8581314878892734 0.04181084198385237 0.019463667820069204
0 0.8881199538638985 0.9130622837370242 0.025374855824682817 0.05666089965397924
0 0.8052191464821223 0.9703719723183392 0.12889273356401384 0.02119377162629758
