1 0.6920415224913495 0.0905060553633218 0.47231833910034604 0.1805795847750865
1 0.3341983852364475 0.006596020761245675 0.025951557093425608 0.01319204152249135
0 0.14994232987312572 0.019788062283737026 0.2773933102652826 0.03957612456747405
0 0.1459054209919262 0.0953719723183391 0.26239907727797 0.06271626297577855
0 0.3820645905420992 0.32482698961937717 0.10322952710495964 0.5994809688581315
0 0.6952133794694348 0.2094506920415225 0.44982698961937717 0.052984429065743945
0 0.1522491349480969 0.3158520761245675 0.3044982698961938 0.36440311418685123
0 0.7139561707035755 0.31671712802768165 0.4815455594002307 0.15635813148788927
0 0.7292387543252595 0.5127595155709342 0.4901960784313726 0.2227508650519031
0 0.46352364475201846 0.6038062283737025 0.016435986159169552 0.022058823529411766
0 0.16003460207612458 0.5413062283737025 0.26758938869665516 0.06704152249134948
0 0.16291810841983853 0.7887110726643599 0.3223760092272203 0.4221453287197232
1 0.34457900807381775 0.6560337370242215 0.0265282583621684 0.022707612456747406
0 0.39287773933102654 0.6557093425605537 0.05392156862745098 0.014705882352941176
0 0.6036620530565168 0.653871107266436 0.3215109573241061 0.031358131487889275
0 0.9104671280276817 0.7386461937716263 0.17502883506343714 0.215181660899654
0 0.9078719723183392 0.9051686851211073 0.16580161476355249 0.12435121107266436
0 0.5856401384083045 0.6937716262975778 0.39215686274509803 0.03460207612456748
0 0.5749711649365629 0.8527249134948097 0.4873125720876586 0.2768166089965398
