0 0.2436562860438293 0.08910034602076125 0.3719723183391004 0.051903114186851215
0 0.7769607843137255 0.0714749134948097 0.07122260668973472 0.017949826989619378
0 0.635957324106113 0.15073529411764705 0.3780276816608997 0.13624567474048443
1 0.2549019607843137 0.1879325259515571 0.2768166089965398 0.14705882352941177
1 0.6500865051903114 0.2874134948096886 0.24826989619377163 0.12975778546712805
1 0.6676758938869666 0.46907439446366783 0.2569204152249135 0.1384083044982699
1 0.25144175317185696 0.5058391003460208 0.27566320645905423 0.16133217993079585
0 0.24913494809688583 0.3447231833910035 0.39792387543252594 0.16219723183391005
0 0.6587370242214533 0.3742430795847751 0.3809111880046136 0.03827854671280277
0 0.6717128027681661 0.5609861591695502 0.3895617070357555 0.039792387543252594
0 0.2586505190311419 0.7664359861591695 0.422722029988466 0.35121107266435986
0 0.694204152249135 0.7463235294117647 0.4287773933102653 0.3352076124567474
