0 0.19564590542099194 0.0592560553633218 0.32208765859284894 0.02378892733564014
0 0.14720299884659746 0.08055795847750866 0.22693194925028837 0.01578719723183391
0 0.7870530565167244 0.05817474048442907 0.045271049596309114 0.012975778546712804
0 0.23414071510957324 0.3844074394463668 0.39677047289504036 0.5845588235294118
1 0.2374567474048443 0.7502162629757786 0.3768742791234141 0.14705882352941177
0 0.243800461361015 0.8680795847750865 0.3814878892733564 0.08001730103806229
0 0.635957324106113 0.23767301038062286 0.3895617070357555 0.3300173010380623
0 0.5922722029988466 0.4156574394463668 0.2848904267589389 0.01730103806228374
0 0.6480680507497116 0.5671496539792388 0.39244521337946947 0.2610294117647059
0 0.6562860438292965 0.8021193771626298 0.3973471741637832 0.20025951557093427
0 0.45285467128027684 0.9120891003460208 0.07698961937716263 0.020977508650519033
