0 0.6613321799307958 0.03308823529411765 0.22635524798154558 0.021626297577854673
0 0.8215109573241062 0.0361159169550173 0.01730103806228374 0.02119377162629758
1 0.7941176470588236 0.03503460207612457 0.03748558246828143 0.028546712802768166
1 0.6523933102652826 0.15073529411764705 0.30478662053056516 0.1647923875432526
2 0.45155709342560557 0.408628892733564 0.8102652825836217 0.07936851211072665
0 0.2698961937716263 0.1615484429065744 0.4152249134948097 0.21150519031141868
0 0.6614763552479815 0.24426903114186851 0.2047289504036909 0.024437716262975778
0 0.45170126874279126 0.2799524221453287 0.7828719723183392 0.022275086505190313
0 0.07958477508650519 0.29811851211072665 0.051903114186851215 0.01838235294117647
0 0.44982698961937717 0.32774653979238755 0.8079584775086506 0.035683391003460206
0 0.44982698961937717 0.3596453287197232 0.25144175317185696 0.02378892733564014
0 0.17661476355247982 0.4634515570934256 0.19521337946943484 0.021626297577854673
0 0.4483852364475202 0.49751297577854675 0.8183391003460208 0.040008650519031144
0 0.16623414071510959 0.5291955017301038 0.18021914648212226 0.02119377162629758
0 0.4483852364475202 0.5637975778546713 0.8281430219146483 0.04065743944636678
0 0.18742791234140715 0.5975346020761246 0.2301038062283737 0.02378892733564014
0 0.4476643598615917 0.6319204152249135 0.8295847750865052 0.04065743944636678
0 0.14172433679354096 0.6668468858131488 0.14273356401384082 0.022707612456747406
0 0.4429065743944637 0.6995025951557093 0.8448673587081892 0.04390138408304498
0 0.1564302191464821 0.7371323529411765 0.1854094579008074 0.022707612456747406
0 0.42459630911188007 0.7581098615916956 0.7546136101499423 0.01838235294117647
0 0.1780565167243368 0.784385813148789 0.23442906574394465 0.02422145328719723
0 0.44016724336793545 0.8049307958477508 0.7626874279123415 0.019896193771626297
0 0.23976355247981546 0.8804065743944637 0.4455017301038062 0.025951557093425608
0 0.8474625144175317 0.838992214532872 0.051903114186851215 0.024437716262975778
0 0.16839677047289506 0.9065743944636678 0.23356401384083045 0.025519031141868515
0 0.4620818915801615 0.9247404844290658 0.8180507497116494 0.028114186851211073
0 0.8352076124567475 0.9541522491349481 0.036043829296424454 0.023356401384083045
3 0.4493944636678201 0.8460207612456747 0.07064590542099193 0.04801038062283737
