1 0.15859284890426759 0.03503460207612457 0.14763552479815456 0.03200692041522491
1 0.9277681660899654 0.05698529411764706 0.013552479815455595 0.01189446366782007
1 0.5165801614763552 0.09126297577854671 0.1773356401384083 0.0666089965397924
1 0.6610438292964245 0.34234429065743943 0.2961361014994233 0.17517301038062283
1 0.8354959630911188 0.15700692041522493 0.023933102652825836 0.019463667820069204
0 0.15715109573241062 0.09234429065743945 0.1580161476355248 0.05233564013840831
0 0.1448961937716263 0.13830017301038064 0.04988465974625144 0.010164359861591695
0 0.36591695501730104 0.09504757785467129 0.10668973471741638 0.04476643598615917
0 0.6704152249134948 0.09645328719723184 0.11014994232987313 0.04757785467128028
0 0.7525951557093425 0.10748269896193773 0.040945790080738176 0.01903114186851211
1 0.028690888119953864 0.5007569204152249 0.05738177623990773 0.9980536332179931
1 0.19535755478662054 0.867863321799308 0.28633217993079585 0.15138408304498271
0 0.126441753171857 0.9597750865051904 0.12831603229527105 0.012975778546712804
0 0.32540369088812 0.9487456747404844 0.03892733564013841 0.010380622837370242
0 0.5857843137254902 0.761461937716263 0.3128604382929642 0.03243944636678201
0 0.39071510957324107 0.7881704152249135 0.0726643598615917 0.013624567474048443
0 0.4263264129181084 0.8779195501730104 0.14850057670126876 0.15938581314878894
0 0.6610438292964245 0.870674740484429 0.30651672433679356 0.1773356401384083
0 0.8953287197231834 0.8519679930795848 0.14359861591695502 0.21042387543252597
0 0.22491349480968859 0.6516003460207612 0.2243367935409458 0.01730103806228374
1 0.0918396770472895 0.6564662629757786 0.018742791234140715 0.02487024221453287
0 0.19997116493656286 0.7292387543252595 0.28690888119953867 0.12153979238754326
0 0.42488465974625145 0.6838235294117647 0.14561707035755478 0.10207612456747406
0 0.6653690888119954 0.601643598615917 0.2961361014994233 0.26859861591695505
0 0.9015282583621684 0.5 0.11389850057670127 0.029844290657439446
0 0.8996539792387543 0.6259731833910035 0.1389850057670127 0.21907439446366783
0 0.42964244521337946 0.5475778546712803 0.14359861591695502 0.14965397923875434
0 0.2241926182237601 0.48897058823529416 0.19405997693194926 0.021626297577854673
0 0.20069204152249134 0.5637975778546713 0.28835063437139563 0.11937716262975778
1 0.09803921568627451 0.49134948096885817 0.02364475201845444 0.02119377162629758
1 0.5504613610149942 0.45350346020761245 0.02883506343713956 0.02422145328719723
0 0.6794982698961938 0.4505839100346021 0.21482122260668973 0.020544982698961937
0 0.8726931949250288 0.15938581314878894 0.04181084198385237 0.014705882352941176
0 0.8912918108419838 0.18804065743944637 0.11245674740484429 0.026600346020761247
0 0.8979238754325259 0.34320934256055363 0.14129181084198386 0.27941176470588236
1 0.10193194925028835 0.30460640138408307 0.024509803921568627 0.020544982698961937
0 0.22851787773933102 0.305363321799308 0.17502883506343714 0.019896193771626297
0 0.2102076124567474 0.3932742214532872 0.28546712802768165 0.1481401384083045
0 0.43151672433679356 0.3791089965397924 0.14850057670126876 0.17517301038062283
0 0.28835063437139563 0.26913927335640137 0.4331026528258362 0.037413494809688586
0 0.10928489042675894 0.2399437716262976 0.06920415224913495 0.012326989619377162
0 0.43829296424452135 0.22837370242214533 0.5415224913494809 0.041089965397923874
0 0.43858131487889274 0.17917387543252597 0.6401384083044983 0.05082179930795848
1 0.09515570934256055 0.138840830449827 0.032295271049596314 0.023356401384083045
