0 0.6905997693194925 0.019896193771626297 0.19953863898500576 0.01773356401384083
0 0.8366493656286044 0.020112456747404844 0.024509803921568627 0.019463667820069204
1 0.8062283737024222 0.02130190311418685 0.03460207612456748 0.02487024221453287
1 0.30594002306805074 0.44733996539792387 0.26239907727797 0.12218858131487889
1 0.6009227220299885 0.4470155709342561 0.27970011534025374 0.13148788927335642
0 0.09630911188004614 0.06314878892733564 0.066320645905421 0.02119377162629758
0 0.16825259515570934 0.09850778546712803 0.13985005767012687 0.022707612456747406
0 0.07785467128027682 0.1599264705882353 0.0265282583621684 0.020112456747404844
0 0.09083044982698962 0.23778114186851212 0.06862745098039216 0.030925605536332182
0 0.45847750865051906 0.3483996539792388 0.8252595155709342 0.051903114186851215
0 0.46381199538638984 0.5554714532871973 0.17445213379469435 0.02487024221453287
0 0.3243944636678201 0.5245458477508651 0.032295271049596314 0.020544982698961937
0 0.6084198385236448 0.5243295847750865 0.039792387543252594 0.0231401384083045
0 0.229959630911188 0.5870458477508651 0.32093425605536335 0.024437716262975778
0 0.37918108419838525 0.7225346020761246 0.6164936562860438 0.043252595155709346
0 0.10885236447520184 0.8281790657439446 0.14619377162629757 0.027465397923875434
0 0.10986159169550173 0.8844074394463668 0.15570934256055363 0.028762975778546713
0 0.8585640138408305 0.9617214532871973 0.03835063437139562 0.02119377162629758
3 0.461361014994233 0.07828719723183392 0.34659746251441753 0.0263840830449827
3 0.4639561707035756 0.12889273356401384 0.5622837370242215 0.03892733564013841
3 0.4591983852364475 0.1810121107266436 0.15484429065743946 0.03503460207612457
3 0.4602076124567474 0.21507352941176472 0.14129181084198386 0.03179065743944637
3 0.4610726643598616 0.2642733564013841 0.12399077277970012 0.037197231833910036
3 0.459919261822376 0.3024437716262976 0.13783160322952712 0.040008650519031144
3 0.46280276816609 0.6126730103806228 0.13610149942329874 0.025951557093425608
3 0.4623702422145329 0.6411115916955018 0.3070934256055363 0.025302768166089964
3 0.46064013840830453 0.6757136678200693 0.3526528258362169 0.0426038062283737
3 0.46424452133794697 0.7564878892733564 0.2185697808535179 0.02378892733564014
3 0.46352364475201846 0.795523356401384 0.4852941176470588 0.04649653979238755
3 0.4685697808535179 0.8517517301038062 0.5859284890426759 0.02703287197231834
3 0.45948673587081895 0.9263624567474049 0.34746251441753173 0.05730968858131488
