0 0.6728662053056517 0.053957612456747406 0.20617070357554787 0.020112456747404844
0 0.8236735870818916 0.05557958477508651 0.021626297577854673 0.02119377162629758
1 0.7951268742791234 0.05666089965397924 0.03546712802768166 0.03633217993079585
1 0.32698961937716264 0.13019031141868512 0.2508650519031142 0.1185121107266436
1 0.6052479815455594 0.1429498269896194 0.23356401384083045 0.12975778546712805
0 0.34241637831603233 0.2118295847750865 0.022202998846597464 0.013624567474048443
0 0.6149077277970012 0.22015570934256057 0.026816608996539794 0.01730103806228374
0 0.45847750865051906 0.23399653979238755 0.23990772779700115 0.025519031141868515
0 0.1917531718569781 0.28016868512110726 0.25720876585928487 0.02487024221453287
0 0.452277970011534 0.37727076124567477 0.8203575547866205 0.12478373702422146
0 0.20227797001153403 0.46128892733564014 0.3243944636678201 0.02378892733564014
0 0.4591983852364475 0.526492214532872 0.8341983852364475 0.08499134948096886
0 0.4610726643598616 0.7586505190311419 0.26239907727797 0.01730103806228374
0 0.45703575547866204 0.873810553633218 0.8846597462514417 0.1957179930795848
0 0.8672145328719724 0.9835640138408305 0.023933102652825836 0.02378892733564014
1 0.17344290657439446 0.6465181660899654 0.10524798154555941 0.13040657439446368
1 0.31430219146482125 0.648356401384083 0.1118800461361015 0.12759515570934257
1 0.46467704728950404 0.648356401384083 0.11678200692041522 0.1319204152249135
1 0.6149077277970012 0.6481401384083045 0.1115916955017301 0.1323529411764706
1 0.7580738177623991 0.6468425605536332 0.10668973471741638 0.13408304498269896
