1 0.1451845444059977 0.020761245674740483 0.17445213379469435 0.030276816608996542
1 0.9181084198385236 0.039684256055363326 0.020184544405997693 0.016219723183391006
1 0.6441753171856979 0.17560553633217993 0.29411764705882354 0.13581314878892733
0 0.5067762399077278 0.024005190311418685 0.1058246828143022 0.03460207612456748
0 0.8157439446366782 0.037737889273356404 0.1845444059976932 0.020977508650519033
0 0.8820645905420992 0.023356401384083045 0.09515570934256055 0.00865051903114187
0 0.08938869665513265 0.04346885813148789 0.05709342560553633 0.010813148788927337
0 0.4195501730103806 0.05720155709342561 0.49653979238754326 0.022275086505190313
0 0.4282006920415225 0.0872621107266436 0.5847750865051903 0.04217128027681661
0 0.9121972318339101 0.06098615916955018 0.04181084198385237 0.012543252595155709
0 0.8662053056516724 0.08855968858131488 0.13552479815455595 0.0296280276816609
0 0.8254036908881199 0.11397058823529412 0.021049596309111882 0.006920415224913495
0 0.8820645905420992 0.43241782006920415 0.14417531718569782 0.617863321799308
0 0.07064590542099193 0.11342993079584776 0.01787773933102653 0.009299307958477509
0 0.11562860438292964 0.2947664359861592 0.14705882352941177 0.3352076124567474
0 0.34025374855824686 0.2882785467128028 0.2918108419838524 0.34818339100346024
0 0.7680219146482122 0.2471885813148789 0.04181084198385237 0.00865051903114187
0 0.6461937716262977 0.35694204152249137 0.2970011534025375 0.21301903114186851
0 0.06992502883506344 0.46864186851211076 0.05680507497116494 0.01124567474048443
0 0.2184256055363322 0.4666955017301038 0.05392156862745098 0.010813148788927337
0 0.10813148788927336 0.4945934256055364 0.10322952710495964 0.02119377162629758
0 0.06300461361014995 0.516219723183391 0.027393310265282585 0.008217993079584776
0 0.10495963091118801 0.763840830449827 0.132641291810842 0.4688581314878893
0 0.21727220299884661 0.7413494809688581 0.04757785467128028 0.012975778546712804
0 0.21453287197231835 0.7568122837370242 0.03460207612456748 0.009299307958477509
0 0.25908304498269896 0.8762975778546713 0.13985005767012687 0.2231833910034602
0 0.5654555940023068 0.7706531141868512 0.3777393310265283 0.029195501730103806
0 0.5622837370242215 0.8841911764705883 0.4607843137254902 0.18923010380622837
0 0.8758650519031143 0.86310553633218 0.15369088811995388 0.2227508650519031
0 0.21583044982698962 0.5156790657439446 0.030276816608996542 0.013624567474048443
0 0.2595155709342561 0.6315960207612457 0.14648212226066898 0.20653114186851212
0 0.49668396770472895 0.4953503460207613 0.3295847750865052 0.031358131487889275
0 0.5694925028835064 0.626189446366782 0.4561707035755479 0.2281574394463668
