0 0.6423010380622838 0.03881920415224913 0.25 0.0231401384083045
0 0.8150230680507498 0.040981833910034605 0.018742791234140715 0.017949826989619378
1 0.7860438292964245 0.04044117647058824 0.03460207612456748 0.029844290657439446
1 0.4378604382929643 0.15884515570934257 0.39359861591695505 0.1952854671280277
1 0.44218569780853517 0.4405276816608997 0.6329296424452134 0.16262975778546712
0 0.3186274509803922 0.26676038062283736 0.1522491349480969 0.020544982698961937
0 0.5478662053056517 0.27162629757785467 0.16089965397923875 0.019463667820069204
0 0.43930219146482125 0.2907655709342561 0.22635524798154558 0.020977508650519033
0 0.43858131487889274 0.3348832179930796 0.8016147635524798 0.04649653979238755
0 0.44016724336793545 0.5381704152249135 0.39071510957324107 0.020544982698961937
0 0.16983852364475202 0.571583044982699 0.22491349480968859 0.02378892733564014
0 0.03676470588235294 0.6378676470588236 0.030853517877739333 0.024437716262975778
0 0.8261245674740485 0.6676038062283737 0.08016147635524798 0.01773356401384083
0 0.40729527104959634 0.7086937716262977 0.7563437139561707 0.0263840830449827
0 0.043973471741637835 0.7813581314878894 0.055651672433679356 0.02378892733564014
0 0.05839100346020761 0.8511029411764706 0.09025374855824683 0.022707612456747406
0 0.8354959630911188 0.9006271626297578 0.05680507497116494 0.020977508650519033
0 0.8347750865051904 0.973075259515571 0.03690888119953864 0.0231401384083045
3 0.4397347174163783 0.6048875432525952 0.1782006920415225 0.04498269896193772
3 0.4416089965397924 0.672469723183391 0.20905420991926182 0.05125432525951557
3 0.44218569780853517 0.7465397923875433 0.15426758938869667 0.04930795847750865
3 0.44333910034602075 0.8179065743944637 0.16810841983852365 0.04930795847750865
3 0.4466551326412918 0.9139273356401384 0.3575547866205306 0.10596885813148789
