0 0.15354671280276816 0.08174740484429066 0.16926182237600923 0.025951557093425608
0 0.43930219146482125 0.2767084775086505 0.7857554786620531 0.3509948096885813
0 0.19492502883506344 0.463992214532872 0.22491349480968859 0.02703287197231834
0 0.30565167243367936 0.5459558823529412 0.5340253748558247 0.13905709342560554
0 0.7040080738177624 0.6135380622837371 0.25519031141868515 0.02119377162629758
1 0.7009803921568628 0.5396842560553633 0.23933102652825836 0.12002595155709343
0 0.4368512110726644 0.7900086505190311 0.8414071510957324 0.3416955017301038
0 0.8999423298731257 0.8638624567474049 0.03748558246828143 0.018814878892733564
0 0.9025374855824683 0.9184688581314879 0.039792387543252594 0.06228373702422146
0 0.8203575547866205 0.9765354671280277 0.1332179930795848 0.020544982698961937
