0 0.2034313725490196 0.061094290657439446 0.30478662053056516 0.018814878892733564
0 0.7812860438292965 0.0625 0.06257208765859285 0.012975778546712804
0 0.23601499423298733 0.233780276816609 0.3970588235294118 0.3222318339100346
0 0.6489331026528259 0.22794117647058823 0.3982122260668974 0.314878892733564
0 0.2106401384083045 0.40743944636678203 0.3422722029988466 0.02249134948096886
2 0.4480968858131488 0.447772491349481 0.8212226066897348 0.05990484429065744
1 0.44997116493656286 0.5501730103806228 0.8076701268742792 0.13624567474048443
0 0.24855824682814304 0.6384083044982699 0.4429065743944637 0.03460207612456748
1 0.23370818915801617 0.7389705882352942 0.2788350634371396 0.16652249134948097
0 0.19953863898500576 0.8482915224913495 0.356401384083045 0.04044117647058824
0 0.22923875432525953 0.9005190311418685 0.4411764705882353 0.06574394463667821
0 0.6758938869665514 0.7899005190311419 0.43656286043829295 0.27530276816608995
