0 0.7143886966551327 0.03254757785467128 0.22289504036908883 0.02487024221453287
0 0.36548442906574397 0.06585207612456748 0.4939446366782007 0.0231401384083045
0 0.15426758938869667 0.08639705882352941 0.07151095732410612 0.0166522491349481
0 0.4786620530565167 0.08747837370242215 0.12629757785467127 0.020977508650519033
0 0.46064013840830453 0.11753892733564014 0.7649942329873126 0.040008650519031144
0 0.4284890426758939 0.36537629757785467 0.6632064590542099 0.026600346020761247
0 0.26672433679354096 0.43566176470588236 0.342560553633218 0.022275086505190313
0 0.24293540945790082 0.5281141868512111 0.29786620530565167 0.02422145328719723
0 0.25519031141868515 0.6224048442906575 0.342560553633218 0.021626297577854673
0 0.6144752018454441 0.6614403114186851 0.17301038062283738 0.044333910034602075
0 0.4616493656286044 0.7322664359861591 0.4008073817762399 0.030276816608996542
0 0.23817762399077277 0.8211505190311419 0.31430219146482125 0.029844290657439446
0 0.4320934256055363 0.8784602076124568 0.7136678200692042 0.03633217993079585
0 0.18771626297577856 0.9400951557093425 0.32583621683967706 0.0263840830449827
0 0.8379469434832757 0.9752378892733564 0.066320645905421 0.024437716262975778
3 0.3003171856978085 0.08693771626297578 0.22635524798154558 0.019896193771626297
3 0.231401384083045 0.27000432525951557 0.24884659746251442 0.03784602076124568
3 0.4736159169550173 0.26913927335640137 0.16061130334486737 0.03827854671280277
3 0.45660322952710497 0.3094723183391004 0.1254325259515571 0.025951557093425608
3 0.18065167243367936 0.3069852941176471 0.15138408304498271 0.03827854671280277
3 0.16767589388696655 0.3392084775086505 0.1254325259515571 0.02703287197231834
3 0.1506632064590542 0.3889489619377163 0.09025374855824683 0.022707612456747406
3 0.45011534025374855 0.3884083044982699 0.12687427912341406 0.021626297577854673
3 0.17344290657439446 0.41133217993079585 0.14273356401384082 0.02422145328719723
3 0.4553056516724337 0.41208910034602075 0.1384083044982699 0.02487024221453287
3 0.19434832756632064 0.4681012110726644 0.19896193771626297 0.0426038062283737
3 0.47722029988465975 0.4688581314878893 0.18685121107266436 0.03676470588235294
3 0.48414071510957324 0.5034602076124568 0.20184544405997693 0.030276816608996542
3 0.18094002306805076 0.5032439446366782 0.1923298731257209 0.0263840830449827
3 0.18641868512110726 0.5513624567474049 0.20328719723183392 0.026600346020761247
3 0.4798154555940023 0.5524437716262975 0.1903114186851211 0.025302768166089964
3 0.16580161476355249 0.5859645328719724 0.17358708189158017 0.04044117647058824
3 0.3042099192618224 0.6490051903114187 0.4561707035755479 0.02378892733564014
3 0.3020472895040369 0.674848615916955 0.4420415224913495 0.02703287197231834
3 0.35294117647058826 0.9090614186851211 0.15282583621683968 0.029195501730103806
3 0.5723760092272203 0.9060337370242215 0.15513264129181084 0.026600346020761247
0 0.46064013840830453 0.9078719723183392 0.04238754325259516 0.030276816608996542
0 0.2367358708189158 0.14878892733564014 0.23933102652825836 0.019463667820069204
0 0.6074106113033448 0.1493295847750865 0.37918108419838525 0.020544982698961937
0 0.21337946943483277 0.1704152249134948 0.20242214532871972 0.019463667820069204
0 0.2296712802768166 0.19290657439446368 0.2436562860438293 0.02119377162629758
0 0.1247116493656286 0.2147491349480969 0.11735870818915801 0.015138408304498271
0 0.592128027681661 0.17257785467128028 0.3762975778546713 0.021626297577854673
0 0.6591695501730104 0.19539359861591696 0.3719723183391004 0.020544982698961937
3 0.3846597462514418 0.1493295847750865 0.05767012687427912 0.01838235294117647
3 0.35928489042675893 0.1696583044982699 0.08362168396770474 0.020112456747404844
3 0.41046712802768165 0.19258217993079585 0.11678200692041522 0.020544982698961937
