0 0.43829296424452135 0.0856401384083045 0.779123414071511 0.11461937716262977
0 0.4411764705882353 0.17073961937716264 0.4302191464821223 0.0296280276816609
0 0.43901384083044986 0.2899005190311419 0.8122837370242215 0.18274221453287198
0 0.31358131487889274 0.4030060553633218 0.5700692041522492 0.029195501730103806
0 0.4378604382929643 0.4486375432525952 0.8290080738177624 0.04390138408304498
0 0.18194925028835063 0.48410467128027684 0.23356401384083045 0.022707612456747406
0 0.4418973471741638 0.5823961937716263 0.8428489042675894 0.16652249134948097
0 0.16796424452133796 0.6802551903114187 0.24019607843137256 0.022707612456747406
0 0.44333910034602075 0.825151384083045 0.8786043829296425 0.2649221453287197
0 0.9328143021914649 0.8543468858131488 0.052479815455594006 0.020544982698961937
0 0.9381487889273357 0.9160899653979239 0.04469434832756632 0.06487889273356402
0 0.8445790080738178 0.9779411764705883 0.15570934256055363 0.023356401384083045
