1 0.07352941176470588 0.01319204152249135 0.04671280276816609 0.02378892733564014
1 0.4825547866205306 0.1493295847750865 0.3013264129181084 0.13732698961937717
1 0.8203575547866205 0.030709342560553635 0.03517877739331027 0.01773356401384083
0 0.19896193771626297 0.016327854671280277 0.20126874279123413 0.02487024221453287
0 0.8102652825836217 0.004974048442906574 0.14359861591695502 0.009948096885813149
1 0.8974913494809689 0.004433391003460208 0.036620530565167245 0.008866782006920416
0 0.40253748558246827 0.05482266435986159 0.726643598615917 0.040008650519031144
0 0.04253171856978086 0.09018166089965399 0.029700115340253748 0.008217993079584776
0 0.8592848904267589 0.06423010380622837 0.11591695501730104 0.028546712802768166
0 0.8744232987312572 0.1737673010380623 0.13927335640138408 0.18923010380622837
0 0.7093425605536332 0.11916089965397925 0.14763552479815456 0.07569204152249136
0 0.7136678200692042 0.16349480968858132 0.08016147635524798 0.01730103806228374
0 0.09587658592848905 0.13105536332179932 0.145040369088812 0.06920415224913495
0 0.25259515570934254 0.1518166089965398 0.12975778546712805 0.11072664359861592
0 0.09731833910034603 0.17398356401384082 0.12024221453287198 0.01578719723183391
0 0.09702998846597463 0.26157006920415227 0.15138408304498271 0.155060553633218
0 0.2559111880046136 0.3486159169550173 0.1519607843137255 0.24913494809688583
0 0.06415801614763553 0.35586072664359863 0.04988465974625144 0.01189446366782007
0 0.09688581314878893 0.39597750865051906 0.14129181084198386 0.051903114186851215
0 0.41810841983852365 0.3720804498269896 0.15513264129181084 0.3016868512110727
0 0.5709342560553633 0.36916089965397925 0.1580161476355248 0.29887543252595156
0 0.7262110726643599 0.2945501730103806 0.16291810841983853 0.2426470588235294
0 0.7374567474048443 0.467560553633218 0.15945790080738179 0.09991349480968859
0 0.8863898500576701 0.2844939446366782 0.1182237600922722 0.02703287197231834
0 0.90080738177624 0.3839749134948097 0.14705882352941177 0.16327854671280279
0 0.2583621683967705 0.5016219723183392 0.15570934256055363 0.04822664359861592
0 0.09630911188004614 0.7135596885813149 0.14994232987312572 0.571583044982699
0 0.9097462514417533 0.48075259515570934 0.13033448673587084 0.028114186851211073
0 0.9224336793540946 0.607590830449827 0.14994232987312572 0.21777681660899656
0 0.9339677047289504 0.7360510380622838 0.12687427912341406 0.031358131487889275
0 0.9368512110726643 0.8712153979238755 0.12572087658592848 0.23032006920415227
0 0.651239907727797 0.5405493079584776 0.06199538638985006 0.013624567474048443
0 0.720444059976932 0.5816392733564014 0.19463667820069205 0.0426038062283737
0 0.7334198385236448 0.6578719723183392 0.21193771626297578 0.10207612456747406
1 0.40441176470588236 0.6348399653979239 0.43339100346020765 0.20220588235294118
1 0.20761245674740486 0.7586505190311419 0.039792387543252594 0.025951557093425608
0 0.25446943483275664 0.7565960207612457 0.05680507497116494 0.01838235294117647
0 0.41335063437139563 0.771734429065744 0.24653979238754326 0.031358131487889275
0 0.6456170703575548 0.7629757785467128 0.20761245674740486 0.030276816608996542
0 0.263840830449827 0.8979238754325259 0.17070357554786622 0.20371972318339102
0 0.4346885813148789 0.8948961937716263 0.16234140715109574 0.2097750865051903
0 0.5976066897347174 0.8925173010380623 0.1652249134948097 0.21453287197231835
0 0.7713379469434833 0.8892733564013842 0.17647058823529413 0.22102076124567474
