1 0.35106689734717417 0.014381487889273356 0.6796424452133795 0.028762975778546713
0 0.9345444059976932 0.024978373702422146 0.10668973471741638 0.04995674740484429
0 0.35250865051903113 0.10532006920415225 0.6900230680507498 0.15095155709342561
0 0.7843137254901961 0.0893166089965398 0.15916955017301038 0.1786332179930796
0 0.9349769319492504 0.26232698961937717 0.12024221453287198 0.4152249134948097
0 0.43656286043829295 0.32536764705882354 0.8679354094579008 0.2861159169550173
0 0.495242214532872 0.6132136678200693 0.9881776239907728 0.2822231833910035
0 0.5755478662053056 0.7959558823529412 0.6516724336793541 0.07893598615916955
0 0.5702133794694348 0.9128460207612457 0.7822952710495963 0.16003460207612458
0 0.08982122260668973 0.9600994809688581 0.16291810841983853 0.07071799307958478
1 0.08405420991926182 0.838992214532872 0.15426758938869667 0.1615484429065744
