0 0.7169838523644753 0.05914792387543253 0.18021914648212226 0.022707612456747406
0 0.16003460207612458 0.08910034602076125 0.15513264129181084 0.015570934256055364
0 0.22664359861591696 0.10910467128027682 0.21337946943483277 0.01578719723183391
0 0.5072087658592849 0.11180795847750866 0.07785467128027682 0.015570934256055364
0 0.2306805074971165 0.14013840830449828 0.22837370242214533 0.021626297577854673
0 0.5219146482122261 0.14024653979238755 0.05536332179930796 0.016219723183391006
0 0.44478085351787777 0.18068771626297578 0.7430795847750865 0.03784602076124568
0 0.15527681660899653 0.2664359861591696 0.09083044982698962 0.019896193771626297
0 0.38307381776239907 0.2694636678200692 0.056228373702422146 0.019463667820069204
0 0.6084198385236448 0.26913927335640137 0.16782006920415227 0.017949826989619378
0 0.2833044982698962 0.30049740484429066 0.3526528258362169 0.017949826989619378
0 0.4531430219146482 0.4093858131487889 0.3157439446366782 0.03243944636678201
0 0.24826989619377163 0.48648356401384085 0.2970011534025375 0.028762975778546713
0 0.4505478662053057 0.615916955017301 0.7995963091118801 0.17949826989619377
0 0.08073817762399077 0.7570285467128028 0.06689734717416379 0.02703287197231834
0 0.06920415224913495 0.8222318339100346 0.04671280276816609 0.023356401384083045
0 0.05767012687427912 0.8884083044982699 0.03114186851211073 0.021626297577854673
0 0.290080738177624 0.942257785467128 0.5334486735870819 0.034169550173010384
0 0.7050173010380623 0.9319852941176471 0.09457900807381776 0.022275086505190313
0 0.8181949250288351 0.9725346020761246 0.055651672433679356 0.023356401384083045
3 0.39936562860438296 0.10942906574394463 0.12745098039215685 0.019463667820069204
3 0.4224336793540946 0.14132785467128028 0.14071510957324107 0.03784602076124568
3 0.4476643598615917 0.2240484429065744 0.12312572087658594 0.04757785467128028
3 0.2765282583621684 0.26913927335640137 0.15282583621683968 0.037413494809688586
3 0.4668396770472895 0.2704368512110727 0.10668973471741638 0.01838235294117647
3 0.3409746251441753 0.3234212802768166 0.46337946943483277 0.022707612456747406
3 0.26211072664359863 0.3554282006920415 0.30565167243367936 0.03352076124567474
3 0.2909457900807382 0.7270761245674741 0.13552479815455595 0.025519031141868515
3 0.30103806228373703 0.7892517301038062 0.4786620530565167 0.0361159169550173
3 0.2970011534025375 0.8560769896193772 0.4158016147635525 0.03784602076124568
3 0.296280276816609 0.9130622837370242 0.5037485582468282 0.02768166089965398
1 0.7004036908881199 0.8184472318339101 0.265282583621684 0.18447231833910036
