0 0.7915224913494809 0.013408304498269897 0.21972318339100347 0.02422145328719723
1 0.788638985005767 0.04855103806228374 0.032295271049596314 0.050389273356401386
1 0.7341407151095732 0.07828719723183392 0.05767012687427912 0.029844290657439446
1 0.5103806228373703 0.050929930795847754 0.3696655132641292 0.07461072664359862
1 0.09847174163783161 0.10077854671280277 0.08217993079584775 0.028114186851211073
0 0.10236447520184545 0.04238754325259516 0.1522491349480969 0.060553633217993084
0 0.48514994232987313 0.11072664359861592 0.3728373702422145 0.03200692041522491
0 0.12730680507497116 0.17311851211072665 0.17445213379469435 0.10056228373702422
0 0.48370818915801617 0.17809256055363323 0.5268166089965398 0.10705017301038063
0 0.8354959630911188 0.17073961937716264 0.17214532871972318 0.12910899653979238
1 0.05839100346020761 0.25183823529411764 0.07583621683967705 0.028762975778546713
0 0.4022491349480969 0.2704368512110727 0.610726643598616 0.03784602076124568
0 0.40253748558246827 0.3145544982698962 0.5622837370242215 0.04692906574394464
0 0.8842272202998847 0.41998269896193774 0.16868512110726644 0.3313148788927336
0 0.9021049596309112 0.7622188581314879 0.16003460207612458 0.3509948096885813
0 0.17344290657439446 0.3855968858131488 0.3099769319492503 0.07136678200692041
0 0.5604094579008074 0.36591695501730104 0.2753748558246828 0.01903114186851211
0 0.4090253748558247 0.4850778546712803 0.13985005767012687 0.20328719723183392
0 0.635524798154556 0.4305795847750865 0.30276816608996543 0.0929930795847751
0 0.5327277970011535 0.5313581314878892 0.09025374855824683 0.10769896193771626
1 0.6848327566320647 0.5304930795847751 0.2110726643598616 0.10380622837370243
0 0.1715686274509804 0.4337153979238754 0.21683967704728951 0.01838235294117647
0 0.16911764705882354 0.5702854671280277 0.3157439446366782 0.23399653979238755
0 0.5670415224913495 0.6059688581314879 0.23500576701268744 0.014705882352941176
0 0.5702133794694348 0.725454152249135 0.46510957324106117 0.20393598615916955
1 0.16551326412918108 0.7630839100346021 0.32006920415224915 0.14381487889273356
0 0.07771049596309113 0.9265787197231834 0.15542099192618225 0.14641003460207613
0 0.24048442906574397 0.9233347750865052 0.15859284890426759 0.15289792387543252
0 0.40729527104959634 0.9233347750865052 0.1519607843137255 0.15289792387543252
0 0.5719434832756632 0.9195501730103807 0.15426758938869667 0.16046712802768168
0 0.7338523644752019 0.9173875432525952 0.1580161476355248 0.1647923875432526
1 0.9068627450980392 0.9647491349480969 0.16089965397923875 0.04757785467128028
