0 0.6696943483275664 0.028546712802768166 0.20847750865051903 0.022058823529411766
0 0.8279988465974626 0.029411764705882353 0.024509803921568627 0.019463667820069204
0 0.8078143021914649 0.07558391003460208 0.0591118800461361 0.020112456747404844
0 0.3741349480968858 0.09829152249134948 0.5585351787773933 0.022275086505190313
1 0.7951268742791234 0.029087370242214534 0.04238754325259516 0.030925605536332182
1 0.254757785467128 0.4805363321799308 0.34457900807381775 0.14662629757785467
1 0.6391291810841984 0.47999567474048443 0.3359284890426759 0.14424740484429066
1 0.28157439446366783 0.8411548442906575 0.39071510957324107 0.155060553633218
1 0.6542675893886967 0.8400735294117647 0.29988465974625145 0.14424740484429066
3 0.4495386389850058 0.06801470588235295 0.2970011534025375 0.03827854671280277
3 0.44579008073817766 0.1278114186851211 0.18742791234140715 0.03892733564013841
3 0.4541522491349481 0.2085856401384083 0.10034602076124567 0.04173875432525952
3 0.45126874279123413 0.3116349480968858 0.07554786620530565 0.04541522491349481
3 0.4465109573241061 0.3743512110726644 0.07352941176470588 0.04541522491349481
0 0.44982698961937717 0.1696583044982699 0.7935409457900807 0.04822664359861592
0 0.8137254901960784 0.21572231833910036 0.051326412918108424 0.024437716262975778
0 0.45299884659746253 0.25832612456747406 0.8131487889273357 0.06336505190311419
0 0.1568627450980392 0.34104671280276816 0.2450980392156863 0.029844290657439446
0 0.8167531718569782 0.31671712802768165 0.07006920415224914 0.026600346020761247
0 0.8206459054209919 0.37781141868512114 0.06343713956170703 0.02422145328719723
0 0.45098039215686275 0.5808823529411765 0.17301038062283738 0.025951557093425608
0 0.1121683967704729 0.6389489619377163 0.18742791234140715 0.03308823529411765
0 0.4480968858131488 0.7043685121107267 0.8506343713956172 0.06963667820069204
0 0.44405997693194926 0.940635813148789 0.17070357554786622 0.022275086505190313
0 0.8455882352941176 0.9606401384083045 0.03258362168396771 0.01903114186851211
