0 0.1055363321799308 0.017084775086505192 0.14417531718569782 0.034169550173010384
0 0.7143886966551327 0.0062716262975778545 0.04411764705882353 0.012543252595155709
1 0.4688581314878893 0.007677335640138409 0.19319492502883506 0.015354671280276818
1 0.7068915801614764 0.2269679930795848 0.33881199538638984 0.18317474048442908
1 0.2768166089965398 0.6349480968858132 0.10899653979238755 0.10596885813148789
1 0.014561707035755479 0.49989186851211076 0.029123414071510957 0.9997837370242215
0 0.07324106113033449 0.04801038062283737 0.07785467128027682 0.01773356401384083
0 0.4563148788927336 0.07774653979238755 0.6438869665513264 0.04692906574394464
0 0.47822952710495964 0.11883650519031143 0.38494809688581316 0.020112456747404844
0 0.1055363321799308 0.18241782006920415 0.14994232987312572 0.08974913494809689
0 0.2760957324106113 0.19258217993079585 0.16061130334486737 0.11137543252595156
0 0.4455017301038062 0.1871756055363322 0.1580161476355248 0.10488754325259515
0 0.28114186851211076 0.38083910034602075 0.5040369088811996 0.27249134948096887
0 0.07208765859284891 0.5223832179930796 0.07151095732410612 0.014057093425605537
0 0.19247404844290658 0.5556877162629758 0.2834486735870819 0.04476643598615917
0 0.1186562860438293 0.7822231833910035 0.16580161476355249 0.39835640138408307
0 0.27970011534025374 0.8332612456747405 0.15628604382929642 0.28114186851211076
0 0.45011534025374855 0.5754757785467128 0.15570934256055363 0.11678200692041522
0 0.4108996539792388 0.6443555363321799 0.07554786620530565 0.020112456747404844
0 0.6281718569780854 0.6743079584775087 0.36188004613610153 0.041089965397923874
0 0.6283160322952711 0.8406141868512111 0.5161476355247981 0.2837370242214533
0 0.9473760092272203 0.6532223183391004 0.10467128027681662 0.6520328719723184
0 0.9466551326412919 0.19615051903114186 0.1061130334486736 0.22102076124567474
0 0.7089100346020761 0.3329368512110727 0.33881199538638984 0.020977508650519033
0 0.6185121107266436 0.49134948096885817 0.16955017301038064 0.2902249134948097
0 0.7965686274509804 0.49102508650519033 0.17214532871972318 0.2865484429065744
