1 0.17329873125720877 0.09429065743944637 0.32583621683967706 0.14922145328719724
0 0.529123414071511 0.05471453287197232 0.31949250288350634 0.06487889273356402
0 0.8503460207612457 0.05557958477508651 0.29873125720876587 0.07179930795847751
0 0.44622260668973474 0.5464965397923875 0.18252595155709342 0.9065743944636678
0 0.09616493656286045 0.5845588235294118 0.1773356401384083 0.8304498269896194
0 0.26888696655132643 0.5834775086505191 0.1767589388696655 0.8326124567474049
0 0.6281718569780854 0.5467128027681661 0.1831026528258362 0.9061418685121108
0 0.8081026528258363 0.35532006920415227 0.18252595155709342 0.523356401384083
0 0.8236735870818916 0.8110942906574394 0.18021914648212226 0.377378892733564
1 0.9589100346020761 0.7975778546712803 0.08160322952710496 0.40441176470588236
0 0.9466551326412919 0.3421280276816609 0.1061130334486736 0.49351211072664364
