0 0.7028546712802768 0.025302768166089964 0.28921568627450983 0.02422145328719723
3 0.4776528258362169 0.07179930795847751 0.35034602076124566 0.05233564013840831
0 0.28835063437139563 0.10964532871972318 0.408881199538639 0.025519031141868515
3 0.32107843137254904 0.13148788927335642 0.21482122260668973 0.02378892733564014
3 0.4808246828143022 0.1729022491349481 0.38437139561707034 0.06120242214532872
3 0.36375432525951557 0.24048442906574397 0.15426758938869667 0.08391003460207613
0 0.467560553633218 0.35780709342560557 0.8088235294117647 0.15289792387543252
0 0.3233852364475202 0.5313581314878892 0.5435409457900807 0.19506920415224915
1 0.7263552479815456 0.5173010380622838 0.21914648212226068 0.157439446366782
0 0.729959630911188 0.6140787197231834 0.08217993079584775 0.027465397923875434
0 0.45775663206459055 0.6456531141868512 0.8255478662053056 0.02487024221453287
0 0.07021337946943483 0.673226643598616 0.04757785467128028 0.025951557093425608
3 0.4610726643598616 0.7018814878892734 0.4354094579008074 0.02703287197231834
0 0.46381199538638984 0.7622188581314879 0.8463091118800462 0.08715397923875433
3 0.45703575547866204 0.8189878892733564 0.2918108419838524 0.029844290657439446
0 0.16046712802768168 0.8530493079584776 0.25230680507497116 0.027465397923875434
3 0.4524221453287197 0.881704152249135 0.4354094579008074 0.0263840830449827
0 0.45847750865051906 0.9278762975778547 0.8598615916955018 0.06379757785467129
0 0.8386678200692042 0.9811851211072664 0.06487889273356402 0.02422145328719723
