0 0.17459630911188004 0.05666089965397924 0.3295847750865052 0.021626297577854673
0 0.8014705882352942 0.0625 0.047001153402537486 0.014273356401384083
0 0.2047289504036909 0.4250648788927336 0.4094579008073818 0.7164792387543253
0 0.6365340253748558 0.4233347750865052 0.4097462514417532 0.701340830449827
0 0.2549019607843137 0.8514273356401384 0.30565167243367936 0.10164359861591696
0 0.692762399077278 0.8558607266435987 0.29901960784313725 0.11613321799307959
0 0.6350922722029989 0.9246323529411765 0.4108996539792388 0.028762975778546713
0 0.4263264129181084 0.9581531141868512 0.12024221453287198 0.022275086505190313
1 0.05103806228373703 0.8597534602076125 0.09803921568627451 0.11959342560553633
1 0.48688004613610153 0.854022491349481 0.10294117647058824 0.10683391003460208
