1 0.10020184544405998 0.026924740484429065 0.14907727797001155 0.027465397923875434
1 0.4728950403690888 0.08347750865051903 0.4013840830449827 0.06487889273356402
1 0.6123125720876587 0.27616782006920415 0.2840253748558247 0.14230103806228375
1 0.10928489042675894 0.9314446366782008 0.21049596309111882 0.1120242214532872
0 0.7331314878892734 0.04552335640138409 0.2644175317185698 0.020544982698961937
0 0.07525951557093426 0.08693771626297578 0.10092272202998846 0.05147058823529412
0 0.050749711649365634 0.12964965397923875 0.040369088811995385 0.01448961937716263
0 0.4018166089965398 0.13970588235294118 0.5896770472895041 0.028114186851211073
0 0.8480392156862745 0.15105968858131488 0.05767012687427912 0.016219723183391006
0 0.8059400230680508 0.17884948096885814 0.10322952710495964 0.03503460207612457
0 0.09083044982698962 0.3015787197231834 0.14071510957324107 0.19182525951557095
0 0.24005190311418687 0.3161764705882353 0.145040369088812 0.22448096885813149
0 0.39215686274509803 0.3421280276816609 0.15628604382929642 0.2772491349480969
0 0.6177912341407151 0.36353806228373703 0.2834486735870819 0.030276816608996542
0 0.8347750865051904 0.2743295847750865 0.14648212226066898 0.1481401384083045
0 0.8496251441753172 0.3920847750865052 0.14561707035755478 0.08866782006920415
0 0.8628892733564014 0.4886461937716263 0.13927335640138408 0.10315743944636678
0 0.885957324106113 0.6540873702422145 0.16637831603229528 0.22642733564013842
0 0.895040369088812 0.8695934256055363 0.1384083044982699 0.2054498269896194
0 0.5529123414071511 0.465181660899654 0.1519607843137255 0.1578719723183391
0 0.7040080738177624 0.4626946366782007 0.15138408304498271 0.15635813148788927
0 0.08866782006920415 0.4140354671280277 0.14331026528258362 0.022275086505190313
0 0.23933102652825836 0.4423659169550173 0.1389850057670127 0.022707612456747406
0 0.39359861591695505 0.4953503460207613 0.15513264129181084 0.022707612456747406
0 0.395040369088812 0.5283304498269896 0.1447520184544406 0.03892733564013841
0 0.24106113033448676 0.5051903114186851 0.14417531718569782 0.09515570934256055
0 0.0857843137254902 0.4915657439446367 0.14619377162629757 0.12759515570934257
0 0.3409746251441753 0.5594723183391004 0.04988465974625144 0.01124567474048443
0 0.5627162629757786 0.5710423875432526 0.28114186851211076 0.02487024221453287
0 0.16695501730103807 0.5835856401384083 0.2508650519031142 0.020544982698961937
0 0.0862168396770473 0.7400519031141869 0.15282583621683968 0.2742214532871972
0 0.24826989619377163 0.735726643598616 0.16724336793540948 0.2742214532871972
0 0.27393310265282583 0.9359861591695502 0.11591695501730104 0.1254325259515571
0 0.132641291810842 0.9927551903114187 0.14648212226066898 0.014057093425605537
0 0.3575547866205306 0.6003460207612457 0.034025374855824686 0.012975778546712804
0 0.4147923875432526 0.6995025951557093 0.15138408304498271 0.18230968858131488
0 0.5676182237600923 0.6881487889273357 0.15426758938869667 0.1985294117647059
0 0.7234717416378317 0.680363321799308 0.15570934256055363 0.19247404844290658
0 0.5728085351787774 0.8119593425605537 0.3070934256055363 0.030925605536332182
0 0.4207035755478662 0.9190095155709342 0.15859284890426759 0.1615484429065744
0 0.5807381776239908 0.9138192041522492 0.14994232987312572 0.17192906574394465
0 0.7352941176470589 0.9035467128027682 0.15340253748558247 0.16219723183391005
