0 0.4361303344867359 0.11094290657439447 0.7949826989619377 0.15138408304498271
3 0.4418973471741638 0.19939446366782007 0.1519607843137255 0.02422145328719723
0 0.8006055363321799 0.20231401384083045 0.056228373702422146 0.020544982698961937
0 0.43829296424452135 0.2471885813148789 0.7935409457900807 0.08434256055363322
0 0.17546136101499424 0.3156358131487889 0.2840253748558247 0.0296280276816609
0 0.4339677047289504 0.4053849480968858 0.8125720876585929 0.14121972318339102
0 0.20112456747404844 0.4877811418685121 0.2701845444059977 0.022707612456747406
0 0.4361303344867359 0.7238321799307958 0.8688004613610151 0.4472318339100346
0 0.913638985005767 0.8533737024221454 0.03892733564013841 0.021626297577854673
0 0.9172433679354095 0.9078719723183392 0.02883506343713956 0.06271626297577855
0 0.8278546712802768 0.9709126297577855 0.132641291810842 0.024437716262975778
