0 0.16724336793540948 0.06022923875432526 0.19953863898500576 0.022707612456747406
0 0.44622260668973474 0.14500432525951557 0.7765282583621684 0.13083910034602075
0 0.45271049596309115 0.2296712802768166 0.28604382929642447 0.019896193771626297
2 0.44982698961937717 0.3002811418685121 0.7895040369088813 0.1286764705882353
0 0.14994232987312572 0.39349048442906576 0.20991926182237602 0.0231401384083045
0 0.4416089965397924 0.47188581314878897 0.8059400230680508 0.11418685121107267
0 0.24625144175317187 0.5504974048442907 0.3431372549019608 0.01838235294117647
0 0.25418108419838525 0.5813148788927336 0.4339677047289504 0.021626297577854673
0 0.24178200692041524 0.6124567474048443 0.3416955017301038 0.016868512110726645
0 0.31978085351787777 0.6567906574394464 0.5738177623990773 0.04152249134948097
1 0.7288062283737025 0.6510596885813149 0.21251441753171857 0.17625432525951557
1 0.15138408304498271 0.7065311418685122 0.24740484429065746 0.028546712802768166
1 0.7345732410611303 0.7586505190311419 0.16061130334486737 0.019463667820069204
0 0.3161764705882353 0.7629757785467128 0.5867935409457901 0.06704152249134948
0 0.44506920415224915 0.8359645328719724 0.25230680507497116 0.031358131487889275
0 0.43901384083044986 0.9112240484429066 0.8543829296424452 0.07028546712802769
0 0.9133506343713956 0.8573745674740485 0.03258362168396771 0.020112456747404844
0 0.9169550173010381 0.9139273356401384 0.025374855824682817 0.060553633217993084
0 0.828287197231834 0.9719939446366782 0.14215686274509803 0.020112456747404844
