1 0.2556228373702422 0.07450259515570934 0.4080161476355248 0.10964532871972318
1 0.1394175317185698 0.13808391003460208 0.04469434832756632 0.02703287197231834
1 0.8465974625144176 0.1006704152249135 0.0922722029988466 0.035683391003460206
1 0.8085351787773933 0.6717128027681661 0.23933102652825836 0.043252595155709346
1 0.1583044982698962 0.8379108996539792 0.2508650519031142 0.26535467128027684
1 0.3585640138408305 0.7906574394463668 0.10524798154555941 0.02378892733564014
0 0.685121107266436 0.05255190311418685 0.395040369088812 0.03676470588235294
0 0.6607554786620531 0.07720588235294118 0.3128604382929642 0.014705882352941176
0 0.6261534025374856 0.11905276816608996 0.28114186851211076 0.06379757785467129
0 0.8357843137254902 0.13527249134948097 0.1254325259515571 0.03352076124567474
0 0.6953575547866205 0.157439446366782 0.40513264129181087 0.015138408304498271
0 0.2818627450980392 0.14100346020761245 0.22001153402537485 0.01903114186851211
0 0.2587946943483276 0.15722318339100347 0.44319492502883506 0.015570934256055364
0 0.34746251441753173 0.19452854671280279 0.6176470588235294 0.04606401384083045
0 0.37053056516724336 0.2269679930795848 0.3973471741637832 0.0166522491349481
0 0.8023356401384083 0.2678416955017301 0.2430795847750865 0.18490484429065746
0 0.34818339100346024 0.3315311418685121 0.6363898500576701 0.18382352941176472
0 0.8030565167243369 0.39186851211072665 0.23125720876585928 0.045847750865051905
0 0.8062283737024222 0.5315743944636678 0.24221453287197234 0.22707612456747406
0 0.08765859284890427 0.5713667820069205 0.11245674740484429 0.26211072664359863
0 0.30276816608996543 0.445393598615917 0.2831603229527105 0.013624567474048443
0 0.4155132641291811 0.47707612456747406 0.4930795847750865 0.03676470588235294
0 0.4145040369088812 0.5965614186851211 0.5170126874279124 0.2000432525951557
0 0.5475778546712803 0.7438365051903114 0.4728950403690888 0.057742214532871976
0 0.3614475201845444 0.8825692041522492 0.1254325259515571 0.15138408304498271
0 0.6124567474048443 0.8633217993079585 0.3633217993079585 0.18122837370242215
0 0.8628892733564014 0.8292603806228374 0.12197231833910036 0.25021626297577854
0 0.14705882352941177 0.9831314878892734 0.07151095732410612 0.010813148788927337
0 0.23457324106113034 0.9781574394463668 0.06199538638985006 0.010813148788927337
0 0.35495963091118804 0.9709126297577855 0.14705882352941177 0.010164359861591695
0 0.6456170703575548 0.9685337370242215 0.39215686274509803 0.0075692041522491356
