0 0.6288927335640139 0.08747837370242215 0.17012687427912343 0.020112456747404844
0 0.7403402537485583 0.0893166089965398 0.021049596309111882 0.015138408304498271
0 0.7958477508650519 0.09093858131487889 0.01787773933102653 0.01838235294117647
1 0.7680219146482122 0.08964100346020762 0.0331603229527105 0.028762975778546713
1 0.25403690888119956 0.22069636678200694 0.2825836216839677 0.1805795847750865
1 0.5980392156862745 0.2472967128027682 0.29123414071510956 0.1957179930795848
0 0.07352941176470588 0.11451124567474048 0.04671280276816609 0.020977508650519033
0 0.25994809688581316 0.3482915224913495 0.17445213379469435 0.020544982698961937
0 0.5937139561707035 0.3534818339100346 0.21626297577854672 0.0166522491349481
0 0.435121107266436 0.37856833910034604 0.328719723183391 0.022707612456747406
0 0.22174163783160325 0.40808823529411764 0.28835063437139563 0.01903114186851211
0 0.4293540945790081 0.5104887543252595 0.7785467128027682 0.18923010380622837
1 0.2771049596309112 0.7286980968858132 0.3604382929642445 0.2277249134948097
1 0.6247116493656286 0.7232915224913495 0.3070934256055363 0.22426470588235295
0 0.28431372549019607 0.8586721453287197 0.08650519031141869 0.01838235294117647
0 0.629757785467128 0.8489403114186852 0.08073817762399077 0.022707612456747406
0 0.4299307958477509 0.8824610726643599 0.3662053056516724 0.022707612456747406
0 0.4320934256055363 0.9336072664359862 0.8001730103806228 0.08693771626297578
