2 0.5033160322952711 0.19744809688581316 0.38783160322952714 0.15138408304498271
0 0.506199538638985 0.2834126297577855 0.34746251441753173 0.029195501730103806
0 0.4687139561707036 0.07201557093425606 0.7771049596309112 0.04757785467128028
0 0.26182237600922725 0.3353157439446367 0.31141868512110726 0.07244809688581315
0 0.18901384083044984 0.3758650519031142 0.16580161476355249 0.021626297577854673
0 0.4658304498269896 0.4229022491349481 0.8001730103806228 0.06596020761245674
0 0.10322952710495964 0.4672361591695502 0.08938869665513265 0.02487024221453287
0 0.46510957324106117 0.514273356401384 0.8073817762399077 0.06704152249134948
0 0.1118800461361015 0.561310553633218 0.10380622837370243 0.02703287197231834
3 0.17892156862745098 0.6040224913494809 0.18021914648212226 0.041089965397923874
0 0.47159746251441753 0.7948745674740485 0.8376585928489043 0.29087370242214533
0 0.18252595155709342 0.640787197231834 0.15570934256055363 0.019463667820069204
0 0.93800461361015 0.8489403114186852 0.043252595155709346 0.022707612456747406
0 0.9387254901960784 0.9051686851211073 0.024509803921568627 0.05514705882352941
0 0.8399653979238755 0.9635596885813149 0.14994232987312572 0.016219723183391006
