0 0.6859861591695502 0.04617214532871972 0.21626297577854672 0.01838235294117647
0 0.8434256055363322 0.046604671280276816 0.020761245674740483 0.01838235294117647
1 0.8131487889273357 0.04671280276816609 0.03690888119953864 0.03243944636678201
3 0.46453287197231835 0.07774653979238755 0.4152249134948097 0.020977508650519033
3 0.4616493656286044 0.14824826989619377 0.3546712802768166 0.04217128027681661
3 0.4700115340253749 0.36505190311418684 0.12053056516724338 0.041089965397923874
3 0.4700115340253749 0.4656141868512111 0.08996539792387544 0.021626297577854673
3 0.47044405997693195 0.5113538062283737 0.14850057670126876 0.024437716262975778
3 0.46929065743944637 0.6624134948096886 0.2961361014994233 0.043252595155709346
3 0.47102076124567477 0.7124783737024222 0.21193771626297578 0.05341695501730104
0 0.23212226066897348 0.10834775086505191 0.3292964244521338 0.03892733564013841
0 0.4805363321799308 0.18230968858131488 0.7569204152249135 0.025951557093425608
0 0.13004613610149943 0.20317906574394465 0.14417531718569782 0.0231401384083045
0 0.22087658592848905 0.23345588235294118 0.328719723183391 0.022275086505190313
0 0.459919261822376 0.2869809688581315 0.8137254901960784 0.06531141868512111
0 0.36649365628604386 0.33315311418685123 0.5478662053056517 0.02487024221453287
0 0.8424163783160323 0.36829584775086505 0.06487889273356402 0.019463667820069204
0 0.46453287197231835 0.4107915224913495 0.8160322952710496 0.04476643598615917
0 0.39114763552479814 0.4439878892733564 0.6040945790080738 0.02378892733564014
0 0.8494809688581315 0.4659385813148789 0.05767012687427912 0.018814878892733564
0 0.26239907727797 0.49026816608996543 0.3552479815455594 0.023356401384083045
0 0.8509227220299885 0.5097318339100346 0.060553633217993084 0.01903114186851211
0 0.46525374855824686 0.5472534602076125 0.8347750865051904 0.044333910034602075
0 0.48471741637831606 0.5800173010380623 0.8073817762399077 0.01903114186851211
0 0.07064590542099193 0.607590830449827 0.06574394463667821 0.020977508650519033
0 0.3060841983852365 0.6306228373702423 0.4426182237600923 0.02378892733564014
0 0.2498558246828143 0.761461937716263 0.4282006920415225 0.02378892733564014
0 0.47188581314878897 0.8049307958477508 0.8636101499423299 0.05795847750865052
0 0.17012687427912343 0.8487240484429066 0.19261822376009227 0.024437716262975778
0 0.41205305651672436 0.8687283737024222 0.6862745098039216 0.02422145328719723
0 0.4681372549019608 0.9071150519031143 0.8751441753171857 0.059039792387543255
0 0.17257785467128028 0.9546929065743945 0.20617070357554787 0.022275086505190313
0 0.197520184544406 0.9806444636678201 0.2560553633217993 0.03179065743944637
0 0.4632352941176471 0.9759948096885813 0.2494232987312572 0.03460207612456748
0 0.7122260668973472 0.9638840830449827 0.2358708189158016 0.03200692041522491
0 0.8672145328719724 0.9898356401384083 0.0395040369088812 0.019896193771626297
