0 0.07641291810841984 0.06314878892733564 0.13494809688581316 0.09688581314878893
1 0.1855536332179931 0.003027681660899654 0.036043829296424454 0.006055363321799308
0 0.47909457900807384 0.02422145328719723 0.4743367935409458 0.02768166089965398
0 0.2378892733564014 0.10337370242214533 0.15340253748558247 0.11029411764705882
0 0.5622837370242215 0.1002378892733564 0.4734717416378316 0.11353806228373703
0 0.8816320645905421 0.07828719723183392 0.16234140715109574 0.15397923875432526
0 0.07641291810841984 0.43403979238754326 0.06689734717416379 0.6059688581314879
0 0.1787773933102653 0.17019896193771628 0.025374855824682817 0.013408304498269897
0 0.40152825836216843 0.19344723183391005 0.31516724336793545 0.027465397923875434
0 0.7283737024221454 0.1952854671280277 0.15859284890426759 0.06704152249134948
0 0.8862456747404844 0.19398788927335642 0.12831603229527105 0.03200692041522491
0 0.9421856978085352 0.16608996539792387 0.021049596309111882 0.012975778546712804
0 0.18569780853517878 0.21939878892733564 0.02883506343713956 0.010164359861591695
0 0.23543829296424454 0.2967128027681661 0.15138408304498271 0.13581314878892733
0 0.39677047289504036 0.2877378892733564 0.15859284890426759 0.1546280276816609
0 0.5611303344867359 0.21885813148788927 0.15859284890426759 0.019896193771626297
0 0.5240772779700116 0.2947664359861592 0.08275663206459054 0.13408304498269896
0 0.68800461361015 0.3494809688581315 0.2450980392156863 0.021626297577854673
1 0.6862745098039216 0.2829801038062284 0.24163783160322955 0.1092128027681661
0 0.8455882352941176 0.2215614186851211 0.029700115340253748 0.012326989619377162
0 0.18930219146482122 0.38321799307958476 0.030276816608996542 0.014705882352941176
0 0.3409746251441753 0.3729455017301038 0.03546712802768166 0.012326989619377162
0 0.4786620530565167 0.39597750865051906 0.18973471741637832 0.03460207612456748
0 0.2371683967704729 0.47837370242214533 0.14907727797001155 0.1704152249134948
0 0.4834198385236448 0.48810553633217996 0.327277970011534 0.14662629757785467
0 0.7393310265282584 0.46377595155709345 0.1643598615916955 0.19182525951557095
0 0.9108996539792388 0.35748269896193774 0.17301038062283738 0.24870242214532873
0 0.9188292964244522 0.621431660899654 0.16176470588235295 0.27789792387543255
0 0.9172433679354095 0.8833261245674741 0.1384083044982699 0.219939446366782
0 0.18281430219146483 0.575151384083045 0.02306805074971165 0.013624567474048443
0 0.32511534025374855 0.6000216262975778 0.26614763552479814 0.025302768166089964
0 0.19925028835063438 0.6268382352941176 0.05478662053056517 0.01189446366782007
0 0.2383217993079585 0.6926903114186851 0.15426758938869667 0.11245674740484429
0 0.4070069204152249 0.75 0.16291810841983853 0.263840830449827
0 0.5164359861591695 0.6229455017301039 0.025951557093425608 0.014057093425605537
0 0.5767012687427913 0.7564878892733564 0.16205305651672433 0.24653979238754326
0 0.7465397923875433 0.7479455017301039 0.16724336793540948 0.2670847750865052
0 0.6571510957324106 0.5967776816608996 0.265282583621684 0.024437716262975778
1 0.17012687427912343 0.8202854671280277 0.2773933102652826 0.14273356401384082
0 0.17257785467128028 0.9476643598615917 0.330161476355248 0.10423875432525952
0 0.5831891580161477 0.9462586505190311 0.47779700115340257 0.10705017301038063
