0 0.6567185697808535 0.07828719723183392 0.18079584775086505 0.023356401384083045
0 0.7922433679354095 0.08336937716262977 0.016435986159169552 0.01838235294117647
1 0.7651384083044983 0.0807742214532872 0.036043829296424454 0.029195501730103806
1 0.6689734717416379 0.49405276816609 0.26297577854671284 0.17798442906574394
0 0.7789792387543253 0.12564878892733564 0.05334486735870819 0.019463667820069204
0 0.7768166089965398 0.1664143598615917 0.05478662053056517 0.020112456747404844
0 0.28690888119953867 0.18339100346020762 0.38696655132641294 0.025951557093425608
0 0.19535755478662054 0.21745242214532873 0.19982698961937717 0.01838235294117647
0 0.4361303344867359 0.31076989619377166 0.7794117647058824 0.1647923875432526
0 0.2763840830449827 0.40030276816608995 0.46280276816609 0.01730103806228374
0 0.11634948096885814 0.41922577854671284 0.14273356401384082 0.01838235294117647
0 0.2696078431372549 0.49264705882352944 0.47058823529411764 0.12975778546712805
0 0.06487889273356402 0.5705017301038062 0.06574394463667821 0.019463667820069204
0 0.6743079584775087 0.6019679930795848 0.22347174163783162 0.01838235294117647
0 0.21554209919261824 0.6132136678200693 0.3682237600922722 0.01838235294117647
0 0.4361303344867359 0.660575259515571 0.8151672433679354 0.07201557093425606
0 0.11707035755478662 0.7249134948096886 0.1845444059976932 0.0263840830449827
0 0.4404555940023068 0.7778979238754326 0.8382352941176471 0.08477508650519032
0 0.13047866205305653 0.834666955017301 0.15945790080738179 0.0231401384083045
0 0.10885236447520184 0.8602941176470589 0.1115916955017301 0.028114186851211073
0 0.8275663206459054 0.8838667820069205 0.058246828143021914 0.023356401384083045
0 0.18786043829296425 0.9679930795847751 0.2897923875432526 0.03460207612456748
0 0.821078431372549 0.9714532871972319 0.03835063437139562 0.02119377162629758
3 0.4408881199538639 0.9040873702422145 0.4844290657439447 0.05730968858131488
3 0.26888696655132643 0.5926686851211073 0.08852364475201846 0.022707612456747406
3 0.44478085351787777 0.2045847750865052 0.10755478662053057 0.019463667820069204
3 0.3741349480968858 0.15397923875432526 0.08737024221453288 0.034169550173010384
3 0.4418973471741638 0.11753892733564014 0.18829296424452135 0.040008650519031144
3 0.5010092272203 0.15884515570934257 0.09140715109573241 0.03827854671280277
