0 0.13509227220299885 0.042063148788927335 0.1254325259515571 0.0166522491349481
0 0.48399653979238755 0.06563581314878893 0.07064590542099193 0.031358131487889275
0 0.7263552479815456 0.08153114186851211 0.16724336793540948 0.019896193771626297
1 0.8337658592848904 0.0759083044982699 0.0591118800461361 0.028114186851211073
1 0.12110726643598617 0.058066608996539794 0.09746251441753172 0.020544982698961937
1 0.21453287197231835 0.06401384083044982 0.06920415224913495 0.015138408304498271
1 0.23817762399077277 0.16046712802768168 0.33448673587081895 0.16825259515570934
1 0.4620818915801615 0.10045415224913495 0.03546712802768166 0.022275086505190313
0 0.5129757785467128 0.10477941176470588 0.05478662053056517 0.01448961937716263
0 0.634083044982699 0.14240916955017302 0.4555940023068051 0.04865916955017301
0 0.5839100346020761 0.2058823529411765 0.27162629757785467 0.04368512110726644
0 0.5853517877739332 0.17528114186851212 0.03806228373702422 0.01189446366782007
1 0.4649653979238754 0.17236159169550175 0.03835063437139562 0.01903114186851211
1 0.7060265282583622 0.23205017301038064 0.030276816608996542 0.019463667820069204
1 0.7694636678200693 0.19798875432525953 0.03892733564013841 0.020544982698961937
1 0.0927047289504037 0.25670415224913495 0.04469434832756632 0.02119377162629758
1 0.2583621683967705 0.2680579584775087 0.049019607843137254 0.020112456747404844
1 0.42488465974625145 0.262651384083045 0.04469434832756632 0.020112456747404844
1 0.5987600922722031 0.2507569204152249 0.03892733564013841 0.020112456747404844
1 0.018598615916955018 0.5088667820069205 0.037197231833910036 0.958044982698962
1 0.8249711649365629 0.865484429065744 0.12687427912341406 0.14662629757785467
0 0.12716262975778547 0.6160250865051903 0.14417531718569782 0.6758217993079585
0 0.29988465974625145 0.6149437716262975 0.15628604382929642 0.6563581314878892
0 0.47909457900807384 0.607590830449827 0.16291810841983853 0.6654411764705882
0 0.657439446366782 0.6008866782006921 0.14763552479815456 0.6628460207612457
0 0.823529411764706 0.4983780276816609 0.14129181084198386 0.5629325259515571
