0 0.4564590542099193 0.13365051903114186 0.7035755478662054 0.043252595155709346
0 0.1385524798154556 0.15852076124567474 0.07352941176470588 0.021626297577854673
0 0.4563148788927336 0.1911764705882353 0.7107843137254902 0.039792387543252594
0 0.17445213379469435 0.21864186851211073 0.07785467128027682 0.019463667820069204
0 0.2769607843137255 0.24059256055363323 0.2846020761245675 0.0231401384083045
0 0.2058823529411765 0.2690311418685121 0.14417531718569782 0.04238754325259516
0 0.2595155709342561 0.29898356401384085 0.2595155709342561 0.0231401384083045
0 0.4029700115340254 0.318014705882353 0.5441176470588236 0.025302768166089964
3 0.4600634371395617 0.34104671280276816 0.24884659746251442 0.02378892733564014
0 0.24480968858131488 0.3609429065743945 0.23356401384083045 0.018598615916955018
0 0.4338235294117647 0.3799740484429066 0.6058246828143022 0.019463667820069204
0 0.4726066897347174 0.4218209342560554 0.6856978085351788 0.06120242214532872
0 0.197520184544406 0.4633434256055363 0.13552479815455595 0.020112456747404844
0 0.2044405997693195 0.4845371972318339 0.15282583621683968 0.017949826989619378
0 0.2897923875432526 0.5350346020761246 0.40657439446366783 0.08304498269896193
1 0.6754613610149942 0.5376297577854672 0.33765859284890426 0.07352941176470588
0 0.6745963091118801 0.5898572664359861 0.14331026528258362 0.020977508650519033
0 0.2691753171856978 0.6020761245674741 0.2961361014994233 0.039792387543252594
0 0.4629469434832757 0.6363538062283737 0.21251441753171857 0.018814878892733564
0 0.1587370242214533 0.6608996539792388 0.1058246828143022 0.01730103806228374
3 0.4610726643598616 0.6820934256055363 0.21049596309111882 0.019463667820069204
0 0.4641003460207613 0.7259948096885813 0.7759515570934257 0.06704152249134948
0 0.14042675893886966 0.7757352941176471 0.13437139561707037 0.019463667820069204
0 0.44521337946943484 0.7956314878892734 0.6655132641291811 0.021626297577854673
0 0.4818339100346021 0.8334775086505191 0.7422145328719724 0.041089965397923874
0 0.4659746251441753 0.865484429065744 0.7895040369088813 0.025951557093425608
0 0.13422722029988465 0.89435553633218 0.1375432525951557 0.0231401384083045
0 0.2994521337946944 0.9134948096885813 0.047001153402537486 0.02378892733564014
0 0.616926182237601 0.9113321799307958 0.045271049596309114 0.018166089965397925
0 0.4616493656286044 0.9380406574394464 0.6614763552479815 0.025302768166089964
0 0.9081603229527105 0.8619160899653979 0.04123414071510957 0.0231401384083045
0 0.9091695501730104 0.9156574394463668 0.02768166089965398 0.06141868512110727
0 0.8318915801614764 0.9693987889273357 0.10380622837370243 0.018814878892733564
