0 0.7556228373702423 0.06174307958477509 0.131199538638985 0.02487024221453287
1 0.8486159169550174 0.06174307958477509 0.049019607843137254 0.040008650519031144
0 0.40455594002306805 0.13743512110726644 0.7006920415224913 0.07461072664359862
0 0.1443194925028835 0.19041955017301038 0.11101499423298732 0.02487024221453287
0 0.408881199538639 0.2515138408304498 0.7122260668973472 0.09948096885813149
0 0.4139273356401384 0.3493728373702422 0.72520184544406 0.08758650519031141
0 0.16017877739331027 0.40289792387543255 0.15715109573241062 0.021626297577854673
0 0.4139273356401384 0.45804498269896193 0.7309688581314879 0.08650519031141869
0 0.40743944636678203 0.6337586505190311 0.7612456747404844 0.26059688581314877
0 0.13566897347174164 0.776492214532872 0.14561707035755478 0.020544982698961937
0 0.4168108419838524 0.872188581314879 0.7742214532871973 0.18166089965397925
