0 0.1179354094579008 0.0361159169550173 0.17012687427912343 0.06012110726643599
0 0.3484717416378316 0.03557525951557094 0.1254325259515571 0.04692906574394464
0 0.6797866205305652 0.033412629757785466 0.12312572087658594 0.05255190311418685
0 0.7753748558246828 0.04530709342560554 0.0461361014994233 0.01578719723183391
1 0.5144175317185697 0.032655709342560554 0.1903114186851211 0.06271626297577855
1 0.06415801614763553 0.09775086505190311 0.036620530565167245 0.023356401384083045
1 0.5111014994232987 0.25670415224913495 0.30478662053056516 0.1583044982698962
1 0.7429354094579008 0.33423442906574397 0.04181084198385237 0.016219723183391006
1 0.41709919261822376 0.4470155709342561 0.024509803921568627 0.013408304498269897
1 0.08001730103806229 0.2994160899653979 0.018166089965397925 0.012326989619377162
0 0.11389850057670127 0.09645328719723184 0.058246828143021914 0.019463667820069204
0 0.4472318339100346 0.09526384083044984 0.5334486735870819 0.02487024221453287
0 0.42964244521337946 0.14262543252595156 0.7462514417531719 0.04692906574394464
0 0.19564590542099194 0.23107698961937717 0.3013264129181084 0.11786332179930796
0 0.7472606689734718 0.24459342560553635 0.15715109573241062 0.1448961937716263
0 0.9133506343713956 0.19917820069204153 0.15945790080738179 0.22707612456747406
0 0.20227797001153403 0.2991998269896194 0.22635524798154558 0.020544982698961937
0 0.8581314878892734 0.3313148788927336 0.1787773933102653 0.022058823529411766
0 0.19348327566320647 0.45891003460207613 0.31141868512110726 0.2858996539792388
0 0.5103806228373703 0.3815960207612457 0.3050749711649366 0.0893166089965398
0 0.52479815455594 0.44593425605536335 0.17935409457900808 0.02119377162629758
0 0.8356401384083045 0.4740484429065744 0.3281430219146482 0.24913494809688583
0 0.5103806228373703 0.5313581314878892 0.3137254901960784 0.14100346020761245
0 0.11029411764705882 0.6841479238754326 0.14792387543252597 0.1416522491349481
1 0.21482122260668973 0.628135813148789 0.034025374855824686 0.024437716262975778
0 0.26485005767012687 0.6283520761245674 0.05334486735870819 0.01838235294117647
0 0.5464244521337948 0.6375432525951558 0.4146482122260669 0.03892733564013841
0 0.5442618223760093 0.6654411764705882 0.1854094579008074 0.019896193771626297
0 0.9192618223760093 0.7854671280276817 0.16089965397923875 0.3585640138408305
0 0.7530276816608997 0.8802984429065744 0.16291810841983853 0.17625432525951557
0 0.7997404844290658 0.7465397923875433 0.0591118800461361 0.07612456747404844
0 0.7504325259515571 0.6870674740484429 0.1519607843137255 0.016868512110726645
1 0.7227508650519031 0.7405925605536332 0.09659746251441753 0.09666955017301038
0 0.5922722029988466 0.8202854671280277 0.15282583621683968 0.29411764705882354
0 0.4286332179930796 0.7700043252595156 0.15138408304498271 0.19139273356401384
0 0.4750576701268743 0.9163062283737025 0.05103806228373703 0.06228373702422146
1 0.40369088811995385 0.9130622837370242 0.09457900807381776 0.092560553633218
1 0.24480968858131488 0.8600778546712803 0.0922722029988466 0.09039792387543252
1 0.08318915801614764 0.8200692041522492 0.09083044982698962 0.0990484429065744
0 0.10914071510957324 0.7629757785467128 0.09371395617070358 0.01730103806228374
0 0.2681660899653979 0.8051470588235294 0.12053056516724338 0.01730103806228374
0 0.2684544405997693 0.7348615916955018 0.14994232987312572 0.1189446366782007
0 0.15614186851211073 0.8247188581314879 0.05334486735870819 0.08326124567474048
0 0.3150230680507497 0.8644031141868512 0.05392156862745098 0.0666089965397924
0 0.11072664359861592 0.9204152249134948 0.15859284890426759 0.10380622837370243
0 0.2703287197231834 0.9350129757785467 0.15657439446366783 0.05947231833910035
