0 0.6141868512110726 0.056444636678200696 0.23990772779700115 0.021626297577854673
0 0.7817185697808535 0.05914792387543253 0.020184544405997693 0.016219723183391006
1 0.7550461361014994 0.057742214532871976 0.036043829296424454 0.029844290657439446
1 0.28042099192618225 0.5118944636678201 0.24019607843137256 0.15397923875432526
1 0.5875144175317186 0.5189230103806228 0.24596309111880046 0.12608131487889274
3 0.421280276816609 0.11018598615916955 0.265282583621684 0.0685553633217993
3 0.4299307958477509 0.1899870242214533 0.1643598615916955 0.06596020761245674
3 0.4279123414071511 0.2967128027681661 0.3748558246828143 0.12370242214532873
3 0.4310841983852365 0.38483996539792387 0.10899653979238755 0.0231401384083045
3 0.4473760092272203 0.7405925605536332 0.06776239907727798 0.0426038062283737
3 0.4541522491349481 0.8076340830449827 0.23414071510957324 0.04476643598615917
3 0.455161476355248 0.9087370242214533 0.20328719723183392 0.1120242214532872
0 0.054498269896193774 0.9184688581314879 0.09515570934256055 0.037197231833910036
0 0.2876297577854671 0.8433174740484429 0.5671856978085352 0.027465397923875434
0 0.8402537485582469 0.9606401384083045 0.0461361014994233 0.032871972318339104
0 0.2905132641291811 0.776492214532872 0.4881776239907728 0.02487024221453287
0 0.6841118800461361 0.7635164359861591 0.2788350634371396 0.031358131487889275
0 0.4310841983852365 0.6726859861591695 0.8414071510957324 0.10056228373702422
0 0.4387254901960784 0.6081314878892734 0.17445213379469435 0.0263840830449827
0 0.3478950403690888 0.4126297577854671 0.6069780853517878 0.030276816608996542
0 0.05810265282583622 0.3718641868512111 0.056228373702422146 0.024437716262975778
0 0.06386966551326413 0.23594290657439448 0.05334486735870819 0.025951557093425608
0 0.09760668973471742 0.15235726643598616 0.13408304498269896 0.028762975778546713
