1 0.11404267589388697 0.028546712802768166 0.21828143021914648 0.056228373702422146
0 0.7804209919261823 0.043036332179930796 0.07006920415224914 0.014273356401384083
0 0.7024221453287197 0.05893166089965398 0.2358708189158016 0.01578719723183391
0 0.27840253748558247 0.13019031141868512 0.5371972318339101 0.11245674740484429
0 0.41926182237600923 0.23875432525951557 0.8171856978085352 0.08996539792387544
0 0.42373125720876587 0.42225346020761245 0.8220876585928489 0.24372837370242215
0 0.047145328719723184 0.5804498269896194 0.06718569780853519 0.016435986159169552
0 0.21972318339100347 0.7458910034602076 0.40657439446366783 0.3040657439446367
0 0.6437427912341407 0.7191825259515571 0.4068627450980392 0.3259083044982699
0 0.43281430219146483 0.9235510380622838 0.8269896193771626 0.05687716262975779
