0 0.6807958477508651 0.03860294117647059 0.19319492502883506 0.01838235294117647
0 0.8256920415224914 0.037521626297577854 0.018742791234140715 0.014057093425605537
1 0.7984429065743945 0.03795415224913495 0.03460207612456748 0.029195501730103806
1 0.5420991926182238 0.5273572664359861 0.1637831603229527 0.09407439446366782
1 0.760524798154556 0.5262759515570934 0.18079584775086505 0.12218858131487889
0 0.4541522491349481 0.08499134948096886 0.7664359861591695 0.04541522491349481
0 0.8138696655132641 0.14067906574394465 0.05392156862745098 0.020544982698961937
0 0.8179065743944637 0.2183174740484429 0.06487889273356402 0.022275086505190313
0 0.8279988465974626 0.3336937716262976 0.06487889273356402 0.02378892733564014
0 0.1643598615916955 0.16695501730103807 0.12745098039215685 0.016868512110726645
0 0.43151672433679356 0.18825692041522493 0.6617647058823529 0.02487024221453287
0 0.21986735870818916 0.24502595155709345 0.2557670126874279 0.03676470588235294
0 0.07208765859284891 0.307742214532872 0.039792387543252594 0.02378892733564014
0 0.17301038062283738 0.367863321799308 0.16782006920415227 0.04541522491349481
0 0.8329008073817763 0.4127378892733564 0.0591118800461361 0.022707612456747406
0 0.45804498269896193 0.44625865051903113 0.8174740484429066 0.020544982698961937
3 0.4555940023068051 0.13700259515570934 0.35121107266435986 0.05514705882352941
3 0.45588235294117646 0.21237024221453288 0.18742791234140715 0.025519031141868515
3 0.4591983852364475 0.28352076124567477 0.23269896193771628 0.030276816608996542
3 0.45804498269896193 0.3296929065743945 0.24653979238754326 0.027465397923875434
3 0.45674740484429066 0.41208910034602075 0.14129181084198386 0.040008650519031144
3 0.2368800461361015 0.473507785467128 0.4080161476355248 0.024437716262975778
3 0.24192618223760093 0.5605536332179931 0.2047289504036909 0.05666089965397924
0 0.15383506343713957 0.5070285467128027 0.2378892733564014 0.04044117647058824
0 0.16075547866205306 0.5986159169550174 0.24019607843137256 0.019463667820069204
0 0.660322952710496 0.6235942906574394 0.1332179930795848 0.01838235294117647
0 0.28907151095732414 0.6510596885813149 0.5008650519031143 0.020544982698961937
0 0.18713956170703577 0.7292387543252595 0.29988465974625145 0.025519031141868515
0 0.4659746251441753 0.7976859861591695 0.8592848904267589 0.07244809688581315
0 0.3628892733564014 0.8717560553633218 0.6675317185697809 0.030276816608996542
0 0.4616493656286044 0.9349048442906575 0.8650519031141869 0.07352941176470588
3 0.2426470588235294 0.6221885813148789 0.14561707035755478 0.022058823529411766
3 0.558679354094579 0.6870674740484429 0.5256632064590542 0.047145328719723184
3 0.45746828143021917 0.7514057093425606 0.2897923875432526 0.020977508650519033
1 0.4930795847750865 0.6124567474048443 0.18223760092272204 0.022058823529411766
