0 0.6855536332179931 0.05741782006920415 0.21539792387543252 0.02487024221453287
0 0.8427047289504037 0.06206747404844291 0.023933102652825836 0.022058823529411766
1 0.8150230680507498 0.06228373702422146 0.03892733564013841 0.030276816608996542
1 0.15282583621683968 0.1433823529411765 0.1447520184544406 0.1448961937716263
1 0.296280276816609 0.1485726643598616 0.1375432525951557 0.14230103806228375
1 0.44694348327566324 0.15376297577854672 0.13494809688581316 0.14273356401384082
1 0.6007785467128028 0.16241349480968859 0.15138408304498271 0.14273356401384082
1 0.7536043829296425 0.16933391003460208 0.1254325259515571 0.13624567474048443
1 0.19506920415224915 0.4213884083044983 0.22058823529411764 0.30817474048442905
1 0.4617935409457901 0.4280925605536332 0.22347174163783162 0.2977941176470588
1 0.6963667820069205 0.43155276816609 0.21972318339100347 0.28871107266435986
0 0.13667820069204153 0.2231833910034602 0.02883506343713956 0.012543252595155709
0 0.28157439446366783 0.2269679930795848 0.021626297577854673 0.0166522491349481
0 0.430363321799308 0.2312932525951557 0.023933102652825836 0.01448961937716263
0 0.5892445213379469 0.23940311418685123 0.024509803921568627 0.01903114186851211
0 0.754757785467128 0.246431660899654 0.021049596309111882 0.017949826989619378
0 0.45660322952710497 0.2580017301038062 0.20328719723183392 0.028114186851211073
0 0.1917531718569781 0.5859645328719724 0.029411764705882353 0.013624567474048443
0 0.4623702422145329 0.5856401384083045 0.030276816608996542 0.012975778546712804
0 0.6988177623990773 0.5843425605536332 0.0331603229527105 0.014705882352941176
0 0.44982698961937717 0.6113754325259516 0.20703575547866207 0.01773356401384083
0 0.14878892733564014 0.8295847750865052 0.02883506343713956 0.015138408304498271
0 0.33477508650519033 0.831098615916955 0.025951557093425608 0.01730103806228374
0 0.5699250288350635 0.8262326989619377 0.024509803921568627 0.016219723183391006
0 0.7518742791234141 0.822015570934256 0.023933102652825836 0.015138408304498271
0 0.24077277970011535 0.8646193771626298 0.21683967704728951 0.021626297577854673
0 0.6509515570934257 0.8589965397923875 0.1980968858131488 0.01773356401384083
0 0.4455017301038062 0.8995458477508651 0.8252595155709342 0.030925605536332182
0 0.098760092272203 0.9271193771626298 0.13465974625144175 0.02768166089965398
0 0.3291522491349481 0.9590181660899654 0.529123414071511 0.04476643598615917
0 0.8150230680507498 0.9819420415224914 0.03892733564013841 0.02487024221453287
1 0.1463379469434833 0.7321583044982699 0.18079584775086505 0.17192906574394465
1 0.34457900807381775 0.7268598615916956 0.17070357554786622 0.15570934256055363
1 0.555363321799308 0.7245891003460208 0.16724336793540948 0.1676038062283737
1 0.7518742791234141 0.7294550173010381 0.1652249134948097 0.15354671280276816
