0 0.7028546712802768 0.029411764705882353 0.2315455594002307 0.025951557093425608
0 0.866926182237601 0.03665657439446367 0.021626297577854673 0.017949826989619378
1 0.8376585928489043 0.033953287197231834 0.03114186851211073 0.028546712802768166
1 0.2720588235294118 0.14100346020761245 0.3186274509803922 0.20717993079584776
1 0.7197231833910035 0.16100778546712805 0.2537485582468281 0.19398788927335642
0 0.263840830449827 0.2554065743944637 0.3091118800461361 0.01730103806228374
0 0.7205882352941176 0.27054498269896193 0.30276816608996543 0.028114186851211073
0 0.47332756632064593 0.3120674740484429 0.8261245674740485 0.06271626297577855
0 0.8628892733564014 0.3713235294117647 0.045271049596309114 0.019896193771626297
0 0.47029988465974626 0.5077854671280277 0.8592848904267589 0.27249134948096887
3 0.4798154555940023 0.3592128027681661 0.19896193771626297 0.028114186851211073
0 0.14950980392156862 0.6670631487889274 0.22635524798154558 0.026600346020761247
0 0.47217416378316035 0.7251297577854672 0.8688004613610151 0.06704152249134948
0 0.14244521337946944 0.7749783737024222 0.14129181084198386 0.022707612456747406
0 0.467560553633218 0.8576989619377163 0.8837946943483276 0.14705882352941177
0 0.29483852364475205 0.9620458477508651 0.4881776239907728 0.022707612456747406
0 0.8689446366782008 0.9831314878892734 0.04757785467128028 0.019463667820069204
