0 0.45271049596309115 0.14100346020761245 0.7820069204152249 0.21150519031141868
0 0.1910322952710496 0.2723832179930796 0.2690311418685121 0.0231401384083045
0 0.4544405997693195 0.3507785467128028 0.7958477508650519 0.11288927335640139
0 0.31430219146482125 0.4234429065743945 0.4463667820069204 0.021626297577854673
0 0.45588235294117646 0.45804498269896193 0.8102652825836217 0.043252595155709346
0 0.45299884659746253 0.5207612456747405 0.8189158016147636 0.06920415224913495
0 0.36072664359861595 0.5697448096885813 0.5507497116493656 0.018814878892733564
0 0.455161476355248 0.6065095155709342 0.8261245674740485 0.04476643598615917
0 0.4581891580161476 0.7103157439446367 0.8448673587081892 0.15073529411764705
0 0.22895040369088812 0.8049307958477508 0.31141868512110726 0.019896193771626297
0 0.4548731257208766 0.871431660899654 0.8630334486735871 0.10099480968858132
0 0.8556805074971165 0.9516652249134948 0.11332179930795848 0.022707612456747406
0 0.9361303344867359 0.8352076124567475 0.04469434832756632 0.02119377162629758
0 0.9375720876585929 0.891976643598616 0.036043829296424454 0.06336505190311419
