0 0.6437427912341407 0.030384948096885814 0.27479815455594003 0.01838235294117647
0 0.828287197231834 0.034169550173010384 0.016435986159169552 0.019463667820069204
1 0.7990196078431373 0.03254757785467128 0.03748558246828143 0.02487024221453287
1 0.35034602076124566 0.11537629757785467 0.33391003460207613 0.12002595155709343
1 0.634083044982699 0.12554065743944637 0.14994232987312572 0.11353806228373703
1 0.7350057670126875 0.34407439446366783 0.21049596309111882 0.10380622837370243
1 0.44579008073817766 0.7492430795847751 0.6920415224913495 0.1347318339100346
1 0.4493944636678201 0.8806228373702423 0.6963667820069205 0.1120242214532872
0 0.45198961937716264 0.1980968858131488 0.1767589388696655 0.02378892733564014
0 0.8200692041522492 0.2418901384083045 0.06920415224913495 0.020544982698961937
0 0.44579008073817766 0.2767084775086505 0.8102652825836217 0.0426038062283737
0 0.31891580161476357 0.33942474048442905 0.5622837370242215 0.08153114186851211
0 0.7283737024221454 0.41381920415224915 0.17012687427912343 0.022707612456747406
0 0.13336216839677048 0.43641868512110726 0.1923298731257209 0.02378892733564014
0 0.231401384083045 0.5041089965397924 0.3295847750865052 0.025951557093425608
0 0.10697808535178778 0.5791522491349481 0.16147635524798154 0.021626297577854673
0 0.4349769319492503 0.65625 0.7684544405997693 0.024437716262975778
0 0.45025951557093424 0.9523140138408305 0.3186274509803922 0.022707612456747406
0 0.8496251441753172 0.9771842560553633 0.03892733564013841 0.022707612456747406
3 0.4480968858131488 0.23594290657439448 0.14417531718569782 0.04541522491349481
3 0.3179065743944637 0.40214100346020765 0.27306805074971163 0.04822664359861592
3 0.44910611303344866 0.47102076124567477 0.27479815455594003 0.03892733564013841
3 0.4505478662053057 0.545090830449827 0.26038062283737023 0.04649653979238755
3 0.45155709342560557 0.6221885813148789 0.265282583621684 0.04152249134948097
