0 0.4571799307958478 0.10012975778546714 0.7396193771626298 0.03892733564013841
0 0.27551903114186854 0.14013840830449828 0.3820645905420992 0.025951557093425608
0 0.4615051903114187 0.21096453287197234 0.7569204152249135 0.10056228373702422
0 0.17531718569780855 0.27314013840830453 0.1182237600922722 0.02378892733564014
0 0.4622260668973472 0.3515354671280277 0.7670126874279124 0.12218858131487889
0 0.46438869665513266 0.47102076124567477 0.7684544405997693 0.10380622837370243
0 0.18829296424452135 0.5375216262975778 0.15859284890426759 0.020544982698961937
0 0.4658304498269896 0.6521410034602076 0.788638985005767 0.20220588235294118
0 0.16666666666666669 0.7689230103806228 0.1182237600922722 0.022707612456747406
0 0.4679930795847751 0.8165008650519031 0.7987312572087659 0.07028546712802769
0 0.2647058823529412 0.8862456747404844 0.30565167243367936 0.06487889273356402
0 0.42978662053056516 0.932742214532872 0.6444636678200693 0.019463667820069204
0 0.9142156862745099 0.8559688581314879 0.04757785467128028 0.019463667820069204
0 0.9199826989619377 0.9057093425605537 0.030276816608996542 0.056228373702422146
0 0.8255478662053056 0.9619377162629759 0.14417531718569782 0.019463667820069204
