0 0.1923298731257209 0.03406141868512111 0.3154555940023068 0.020977508650519033
0 0.7967128027681661 0.0333044982698962 0.06805074971164937 0.01384083044982699
1 0.4418973471741638 0.1039143598615917 0.7990196078431373 0.108780276816609
0 0.35106689734717417 0.1789576124567474 0.6421568627450981 0.030925605536332182
1 0.23183391003460208 0.25097318339100344 0.28835063437139563 0.11180795847750866
1 0.6639273356401384 0.2520544982698962 0.2955594002306805 0.11397058823529412
0 0.45285467128027684 0.3313148788927336 0.8711072664359862 0.03892733564013841
0 0.23414071510957324 0.6442474048442907 0.44694348327566324 0.5938581314878892
1 0.6571510957324106 0.4142517301038062 0.1914648212226067 0.10099480968858132
1 0.6845444059976932 0.5721237024221454 0.3904267589388697 0.2147491349480969
0 0.6917531718569782 0.8078503460207612 0.45098039215686275 0.2407006920415225
