0 0.2926758938869666 0.07504325259515571 0.4417531718569781 0.0393598615916955
0 0.1715686274509804 0.10694204152249136 0.20126874279123413 0.022275086505190313
0 0.21337946943483277 0.14673442906574394 0.26758938869665516 0.02487024221453287
0 0.45170126874279126 0.1948529411764706 0.7511534025374856 0.05839100346020761
0 0.44910611303344866 0.2756271626297578 0.7661476355247981 0.08715397923875433
0 0.4455017301038062 0.3709991349480969 0.7750865051903114 0.07461072664359862
0 0.4426182237600923 0.4659385813148789 0.7906574394463668 0.08801903114186851
0 0.37312572087658596 0.5441176470588236 0.654555940023068 0.021626297577854673
0 0.10164359861591696 0.6061851211072664 0.10870818915801615 0.01730103806228374
0 0.12298154555940023 0.7479455017301039 0.04469434832756632 0.020544982698961937
0 0.08751441753171857 0.8867863321799309 0.10236447520184545 0.01838235294117647
0 0.6149077277970012 0.982590830449827 0.04988465974625144 0.014057093425605537
0 0.720876585928489 0.9801038062283738 0.13610149942329874 0.013408304498269897
0 0.833044982698962 0.9786980968858132 0.02883506343713956 0.01838235294117647
0 0.5082179930795848 0.8835423875432526 0.6277393310265282 0.06596020761245674
0 0.5077854671280277 0.7946583044982699 0.6084198385236448 0.04044117647058824
0 0.5129757785467128 0.7099913494809689 0.5997693194925029 0.06271626297577855
0 0.5118223760092272 0.6081314878892734 0.604959630911188 0.06228373702422146
