1 0.09775086505190311 0.04044117647058824 0.09515570934256055 0.02119377162629758
0 0.4746251441753172 0.04173875432525952 0.06343713956170703 0.03460207612456748
0 0.823961937716263 0.03881920415224913 0.08737024221453288 0.013624567474048443
0 0.8290080738177624 0.061851211072664364 0.03690888119953864 0.00865051903114187
1 0.857843137254902 0.05612024221453287 0.02249134948096886 0.017949826989619378
0 0.46539792387543255 0.08801903114186851 0.8073817762399077 0.04801038062283737
0 0.46525374855824686 0.11721453287197232 0.09371395617070358 0.012543252595155709
0 0.2501441753171857 0.15484429065743946 0.382641291810842 0.05406574394463668
0 0.24754901960784315 0.24697231833910036 0.4108996539792388 0.11937716262975778
0 0.6699826989619377 0.38375865051903113 0.4282006920415225 0.5131920415224913
1 0.24581891580161477 0.3875432525951557 0.3912918108419839 0.16911764705882354
0 0.2530276816608997 0.4767517301038062 0.3901384083044983 0.013624567474048443
0 0.2426470588235294 0.7149653979238755 0.4080161476355248 0.46064013840830453
0 0.5237889273356402 0.7884948096885813 0.13696655132641292 0.2984429065743945
1 0.7450980392156863 0.7016652249134948 0.26239907727797 0.11959342560553633
0 0.745674740484429 0.7692474048442907 0.2681660899653979 0.023356401384083045
0 0.7417820069204153 0.8624567474048443 0.2817185697808535 0.16003460207612458
