0 0.22736447520184544 0.06747404844290658 0.33362168396770475 0.012975778546712804
0 0.793396770472895 0.06466262975778547 0.06545559400230681 0.011678200692041523
0 0.6562860438292965 0.12802768166089964 0.38581314878892736 0.10813148788927336
0 0.25346020761245674 0.257136678200692 0.4008073817762399 0.044550173010380625
0 0.6744521337946944 0.3677551903114187 0.4031141868512111 0.03525086505190311
0 0.2538927335640139 0.46983131487889274 0.41147635524798154 0.3648356401384083
0 0.6773356401384083 0.4366349480968858 0.40484429065743943 0.0921280276816609
0 0.7119377162629758 0.6792820069204153 0.44521337946943484 0.04541522491349481
0 0.7110726643598616 0.8223399653979239 0.45098039215686275 0.2407006920415225
0 0.12312572087658594 0.7339965397923875 0.0132641291810842 0.07136678200692041
0 0.26773356401384085 0.8252595155709342 0.05853517877739331 0.012975778546712804
0 0.252883506343714 0.8980320069204153 0.43829296424452135 0.1282439446366782
0 0.49077277970011535 0.9556660899653979 0.07208765859284891 0.016003460207612456
1 0.26297577854671284 0.7347534602076125 0.2641291810841984 0.15938581314878894
1 0.6933391003460208 0.5671496539792388 0.39244521337946947 0.1671712802768166
1 0.6662341407151096 0.2679498269896194 0.3693771626297578 0.15700692041522493
1 0.2494232987312572 0.15765570934256057 0.3604382929642445 0.14403114186851212
