0 0.45198961937716264 0.09450692041522492 0.26614763552479814 0.02768166089965398
0 0.4465109573241061 0.14478806228373703 0.7425028835063437 0.06120242214532872
1 0.44506920415224915 0.2790873702422145 0.5435409457900807 0.18923010380622837
0 0.45011534025374855 0.3842993079584775 0.29988465974625145 0.022058823529411766
0 0.44333910034602075 0.5137326989619377 0.8122837370242215 0.2086937716262976
1 0.4418973471741638 0.7660034602076125 0.7200115340253749 0.28719723183391005
0 0.4476643598615917 0.928416955017301 0.31805074971164937 0.019463667820069204
0 0.9111880046136102 0.8476427335640139 0.02825836216839677 0.018814878892733564
0 0.9137831603229527 0.9035467128027682 0.02306805074971165 0.05839100346020761
0 0.8427047289504037 0.9611807958477508 0.12197231833910036 0.020977508650519033
