0 0.9253171856978085 0.01578719723183391 0.14705882352941177 0.03157439446366782
0 0.8989331026528259 0.0426038062283737 0.06718569780853519 0.013408304498269897
0 0.4145040369088812 0.02670847750865052 0.4708765859284891 0.04217128027681661
0 0.07425028835063438 0.319636678200692 0.14619377162629757 0.5341695501730104
0 0.2374567474048443 0.31693339100346024 0.1715686274509804 0.5330882352941176
0 0.4127739331026528 0.31477076124567477 0.17445213379469435 0.5287629757785467
0 0.594002306805075 0.4023572664359862 0.18685121107266436 0.3514273356401384
0 0.7753748558246828 0.4016003460207613 0.1845444059976932 0.3477508650519031
0 0.8008938869665514 0.2179930795847751 0.09313725490196079 0.015138408304498271
1 0.6732987312572087 0.1323529411764706 0.35121107266435986 0.1647923875432526
0 0.9300749711649365 0.2639489619377163 0.13927335640138408 0.4184688581314879
0 0.9368512110726643 0.48724048442906576 0.060553633217993084 0.01730103806228374
0 0.9430507497116494 0.6371107266435987 0.11332179930795848 0.27249134948096887
0 0.9498269896193772 0.8865700692041523 0.09976931949250288 0.22642733564013842
0 0.0788638985005767 0.7989835640138409 0.15715109573241062 0.4016003460207613
0 0.4243079584775087 0.6300821799307958 0.48587081891580164 0.040008650519031144
0 0.7850346020761246 0.6072664359861591 0.15369088811995388 0.028114186851211073
0 0.26239907727797 0.714424740484429 0.16089965397923875 0.08326124567474048
1 0.5168685121107267 0.7382136678200693 0.32208765859284894 0.1611159169550173
0 0.7926758938869666 0.8125 0.1845444059976932 0.3745674740484429
0 0.24769319492502884 0.8822448096885813 0.18166089965397925 0.23507785467128028
0 0.5720876585928489 0.8260164359861591 0.22202998846597463 0.012326989619377162
0 0.427479815455594 0.9192257785467128 0.1767589388696655 0.1611159169550173
0 0.6108708189158016 0.9176038062283737 0.1831026528258362 0.1643598615916955
