0 0.6718569780853518 0.04768598615916955 0.1908881199538639 0.020544982698961937
0 0.8170415224913495 0.050173010380622836 0.021626297577854673 0.016868512110726645
1 0.785322952710496 0.04833477508650519 0.03892733564013841 0.031358131487889275
0 0.8044982698961938 0.11234861591695502 0.04671280276816609 0.024437716262975778
0 0.8078143021914649 0.185121107266436 0.05046136101499423 0.021626297577854673
3 0.4436274509803922 0.10769896193771626 0.11966551326412918 0.06920415224913495
3 0.4436274509803922 0.17830882352941177 0.14273356401384082 0.04606401384083045
3 0.4455017301038062 0.3048226643598616 0.21972318339100347 0.04476643598615917
3 0.24870242214532873 0.2718425605536332 0.17502883506343714 0.02119377162629758
3 0.2972895040369089 0.380514705882353 0.27970011534025374 0.028762975778546713
3 0.4411764705882353 0.4266868512110727 0.27450980392156865 0.06704152249134948
3 0.4493944636678201 0.7573529411764706 0.33304498269896193 0.0263840830449827
3 0.364042675893887 0.8062283737024222 0.1854094579008074 0.019463667820069204
3 0.466118800461361 0.8355320069204153 0.2840253748558247 0.029195501730103806
3 0.3780276816608997 0.872188581314879 0.12110726643598617 0.03460207612456748
3 0.4465109573241061 0.922037197231834 0.1715686274509804 0.03352076124567474
0 0.06531141868512111 0.14878892733564014 0.021626297577854673 0.021626297577854673
0 0.4207035755478662 0.23237456747404844 0.7641291810841984 0.06206747404844291
0 0.1186562860438293 0.2734645328719723 0.07929642445213379 0.018814878892733564
0 0.3484717416378316 0.2698961937716263 0.027393310265282585 0.01730103806228374
0 0.8112745098039216 0.30914792387543255 0.06199538638985006 0.018814878892733564
0 0.20069204152249134 0.33542387543252594 0.32583621683967706 0.019463667820069204
0 0.3594290657439446 0.3594290657439446 0.5694925028835064 0.02422145328719723
0 0.11433102652825837 0.3842993079584775 0.08794694348327567 0.019896193771626297
0 0.4555940023068051 0.3823529411764706 0.029411764705882353 0.01730103806228374
0 0.8215109573241062 0.4318771626297578 0.060553633217993084 0.0263840830449827
0 0.44434832756632064 0.5196799307958477 0.8275663206459054 0.11029411764705882
0 0.18021914648212226 0.5998053633217993 0.3166089965397924 0.022707612456747406
0 0.4429065743944637 0.6663062283737025 0.8362168396770473 0.09515570934256055
0 0.2771049596309112 0.7308607266435987 0.4354094579008074 0.0296280276816609
0 0.24697231833910036 0.7851427335640139 0.4483852364475202 0.02487024221453287
0 0.8398212226066898 0.8270977508650519 0.06257208765859285 0.026600346020761247
0 0.8383794694348328 0.9087370242214533 0.06545559400230681 0.023356401384083045
0 0.03863898500576701 0.8944636678200693 0.05478662053056517 0.025951557093425608
0 0.46352364475201846 0.9590181660899654 0.8284313725490197 0.05557958477508651
