1 0.2436562860438293 0.06022923875432526 0.4204152249134948 0.09623702422145329
1 0.1189446366782007 0.12153979238754326 0.04238754325259516 0.0263840830449827
0 0.68699538638985 0.07071799307958478 0.4362745098039216 0.12370242214532873
0 0.26499423298731256 0.11829584775086506 0.2306805074971165 0.016868512110726645
0 0.08693771626297578 0.14154411764705882 0.14561707035755478 0.010164359861591695
0 0.3186274509803922 0.13581314878892733 0.2946943483275663 0.015138408304498271
0 0.16724336793540948 0.1741998269896194 0.23298731257208766 0.04649653979238755
0 0.47318339100346024 0.1647923875432526 0.30853517877739334 0.045847750865051905
0 0.27465397923875434 0.20350346020761245 0.23558246828143023 0.021626297577854673
0 0.48010380622837373 0.20155709342560554 0.17070357554786622 0.02119377162629758
1 0.1903114186851211 0.29725346020761245 0.36101499423298733 0.15635813148788927
0 0.38783160322952714 0.29963235294117646 0.03114186851211073 0.13948961937716264
0 0.48688004613610153 0.3399653979238754 0.13985005767012687 0.2569204152249135
0 0.6209630911188004 0.33401816608996543 0.14273356401384082 0.2536764705882353
0 0.7673010380622838 0.19539359861591696 0.17301038062283738 0.1157006920415225
0 0.7811418685121108 0.31693339100346024 0.17301038062283738 0.12651384083044984
0 0.8881199538638985 0.2066392733564014 0.06574394463667821 0.1286764705882353
0 0.9035467128027682 0.33477508650519033 0.07064590542099193 0.12975778546712805
0 0.8326124567474049 0.4118728373702422 0.24711649365628605 0.05557958477508651
0 0.08117070357554787 0.47621107266435986 0.13696655132641292 0.17257785467128028
0 0.22015570934256057 0.4700475778546713 0.131199538638985 0.17192906574394465
0 0.3553921568627451 0.4266868512110727 0.12312572087658594 0.09515570934256055
0 0.42776816608996543 0.5048659169550174 0.2378892733564014 0.05125432525951557
1 0.620674740484429 0.49729671280276816 0.14042675893886966 0.07417820069204152
0 0.8565455594002307 0.6132136678200693 0.28633217993079585 0.3125
0 0.0862168396770473 0.786007785467128 0.14417531718569782 0.42755190311418684
0 0.23356401384083045 0.9027897923875433 0.1389850057670127 0.19398788927335642
0 0.32612456747404844 0.5802335640138409 0.2047289504036909 0.021626297577854673
0 0.5334486735870819 0.573529411764706 0.19838523644752018 0.01903114186851211
0 0.30161476355247985 0.6110510380622838 0.2710495963091119 0.03352076124567474
0 0.5122549019607844 0.6034818339100346 0.15138408304498271 0.031358131487889275
0 0.6461937716262977 0.6000216262975778 0.11245674740484429 0.03827854671280277
0 0.229959630911188 0.7181012110726643 0.13465974625144175 0.16327854671280279
0 0.37053056516724336 0.7117214532871973 0.1332179930795848 0.16219723183391005
0 0.5135524798154556 0.7054498269896194 0.14129181084198386 0.16262975778546712
0 0.6534025374855825 0.7011245674740485 0.1384083044982699 0.157439446366782
0 0.45775663206459055 0.9022491349480969 0.28056516724336794 0.18771626297577856
0 0.7396193771626298 0.881704152249135 0.26758938869665516 0.17993079584775087
0 0.939446366782007 0.8694852941176471 0.12053056516724338 0.18923010380622837
0 0.7492791234140715 0.9934039792387543 0.11101499423298732 0.009731833910034602
0 0.8775951557093425 0.9838884083044983 0.09948096885813149 0.010164359861591695
