0 0.21496539792387545 0.08445069204152249 0.1715686274509804 0.022707612456747406
0 0.45862168396770475 0.1363538062283737 0.7338523644752019 0.07893598615916955
0 0.1918973471741638 0.18285034602076125 0.14273356401384082 0.01838235294117647
0 0.4607843137254902 0.2471885813148789 0.7497116493656286 0.10380622837370243
0 0.18108419838523646 0.319636678200692 0.20761245674740486 0.03243944636678201
0 0.46655132641291813 0.4299307958477509 0.7814302191464821 0.17517301038062283
0 0.4672722029988466 0.5494160899653979 0.3416955017301038 0.035683391003460206
0 0.4708765859284891 0.7618944636678201 0.8217993079584776 0.3633217993079585
0 0.9235870818915802 0.851643598615917 0.040369088811995385 0.019463667820069204
0 0.9279123414071512 0.90625 0.025951557093425608 0.061634948096885814
0 0.7801326412918108 0.9641003460207612 0.25519031141868515 0.021626297577854673
