1 0.12788350634371395 0.012218858131487889 0.14561707035755478 0.024437716262975778
1 0.47145328719723184 0.06693339100346021 0.4031141868512111 0.06985294117647059
0 0.7017012687427913 0.08780276816608996 0.05334486735870819 0.019463667820069204
0 0.8131487889273357 0.023680795847750867 0.1447520184544406 0.01448961937716263
0 0.12427912341407152 0.07417820069204152 0.12975778546712805 0.05839100346020761
1 0.0658881199538639 0.11721453287197232 0.024509803921568627 0.014705882352941176
0 0.10668973471741638 0.11559256055363322 0.052479815455594006 0.0166522491349481
0 0.8336216839677048 0.12067474048442907 0.051903114186851215 0.015138408304498271
0 0.4022491349480969 0.1433823529411765 0.6453287197231834 0.03243944636678201
1 0.792964244521338 0.11959342560553633 0.025374855824682817 0.01730103806228374
1 0.18670703575547867 0.17798442906574394 0.252883506343714 0.015138408304498271
1 0.5485870818915802 0.27703287197231835 0.4218569780853518 0.20761245674740486
0 0.8441464821222607 0.1469506920415225 0.11908881199538639 0.0296280276816609
0 0.1845444059976932 0.2085856401384083 0.25317185697808536 0.04822664359861592
0 0.18194925028835063 0.2694636678200692 0.21337946943483277 0.051903114186851215
0 0.17949826989619377 0.29974048442906576 0.14215686274509803 0.015138408304498271
1 0.015282583621683969 0.3891652249134948 0.030565167243367938 0.7683823529411765
0 0.10063437139561707 0.6305147058823529 0.14129181084198386 0.6477076124567475
0 0.2501441753171857 0.5250865051903114 0.1317762399077278 0.4368512110726644
0 0.5493079584775087 0.4084126297577855 0.3627450980392157 0.035683391003460206
0 0.3972029988465975 0.5865051903114187 0.14331026528258362 0.31531141868512114
0 0.5529123414071511 0.5867214532871973 0.15080738177623992 0.31358131487889274
0 0.7054498269896194 0.5900735294117647 0.15426758938869667 0.31682525951557095
0 0.404123414071511 0.7766003460207612 0.3416955017301038 0.041089965397923874
0 0.40513264129181087 0.873378027681661 0.4492502883506344 0.15030276816608998
0 0.7081891580161477 0.8492647058823529 0.14705882352941177 0.19939446366782007
0 0.866926182237601 0.8305579584775087 0.14273356401384082 0.2411332179930796
0 0.856401384083045 0.697015570934256 0.05709342560553633 0.01730103806228374
1 0.813437139561707 0.6967993079584776 0.02883506343713956 0.01773356401384083
0 0.8532295271049597 0.421280276816609 0.14705882352941177 0.5168685121107267
