0 0.45025951557093424 0.12932525951557095 0.7396193771626298 0.09083044982698962
1 0.2616782006920415 0.24502595155709345 0.31343713956170705 0.1578719723183391
1 0.6434544405997693 0.2548659169550173 0.3042099192618224 0.1481401384083045
0 0.263840830449827 0.3405060553633218 0.11591695501730104 0.025302768166089964
0 0.6418685121107267 0.3446150519031142 0.10092272202998846 0.020544982698961937
0 0.44622260668973474 0.5037846020761246 0.8036332179930796 0.27616782006920415
1 0.22534602076124569 0.7759515570934257 0.3416955017301038 0.17949826989619377
1 0.6704152249134948 0.7497837370242215 0.38408304498269896 0.21150519031141868
0 0.22303921568627452 0.8911115916955018 0.11389850057670127 0.02703287197231834
0 0.6660899653979239 0.8779195501730104 0.11591695501730104 0.03179065743944637
0 0.44910611303344866 0.9379325259515571 0.8497693194925029 0.07093425605536333
0 0.917964244521338 0.86905276816609 0.04757785467128028 0.020544982698961937
0 0.9195501730103807 0.9246323529411765 0.03748558246828143 0.061634948096885814
0 0.8314590542099193 0.9860510380622838 0.13696655132641292 0.027465397923875434
