0 0.7057381776239908 0.04606401384083045 0.21539792387543252 0.02378892733564014
0 0.3168973471741638 0.12316176470588236 0.4671280276816609 0.025302768166089964
0 0.4166666666666667 0.19993512110726644 0.5991926182237601 0.04476643598615917
0 0.7871972318339101 0.2529195501730104 0.08708189158016148 0.04390138408304498
0 0.4271914648212226 0.29000865051903113 0.7165513264129181 0.02378892733564014
0 0.7939734717416379 0.3186634948096886 0.08506343713956172 0.022707612456747406
0 0.45025951557093424 0.4437716262975779 0.7972895040369089 0.22664359861591696
0 0.16104382929642447 0.5875865051903114 0.13696655132641292 0.01903114186851211
0 0.6195213379469435 0.5875865051903114 0.4108996539792388 0.025519031141868515
0 0.14965397923875434 0.6443555363321799 0.12687427912341406 0.027465397923875434
0 0.4930795847750865 0.6441392733564014 0.19550173010380623 0.02487024221453287
0 0.05550749711649366 0.714424740484429 0.04123414071510957 0.02703287197231834
0 0.35279700115340257 0.7676254325259516 0.6271626297577855 0.024437716262975778
0 0.05795847750865052 0.8260164359861591 0.049019607843137254 0.027465397923875434
0 0.8119953863898501 0.7365916955017301 0.08362168396770474 0.02378892733564014
0 0.07742214532871973 0.8858131487889274 0.08506343713956172 0.028114186851211073
0 0.23241061130334487 0.9438797577854672 0.40657439446366783 0.024437716262975778
0 0.8160322952710496 0.9768598615916956 0.08131487889273356 0.0263840830449827
3 0.452277970011534 0.09072231833910036 0.39936562860438296 0.04173875432525952
3 0.4495386389850058 0.15722318339100347 0.1903114186851211 0.0393598615916955
3 0.45170126874279126 0.25259515570934254 0.25230680507497116 0.051903114186851215
3 0.4466551326412918 0.31509515570934254 0.4873125720876586 0.0263840830449827
3 0.3164648212226067 0.58780276816609 0.17387543252595156 0.043252595155709346
3 0.30175893886966554 0.6440311418685122 0.16868512110726644 0.04541522491349481
3 0.45746828143021917 0.6857698961937716 0.396482122260669 0.03460207612456748
3 0.4483852364475202 0.7405925605536332 0.5271049596309112 0.0231401384083045
3 0.45155709342560557 0.7957396193771626 0.4815455594002307 0.0296280276816609
3 0.45170126874279126 0.8541306228373703 0.11389850057670127 0.0296280276816609
3 0.45126874279123413 0.9085207612456747 0.10034602076124567 0.028114186851211073
