0 0.6949250288350635 0.04801038062283737 0.19838523644752018 0.01773356401384083
0 0.8419838523644753 0.050929930795847754 0.0196078431372549 0.016219723183391006
1 0.8141580161476355 0.04909169550173011 0.0331603229527105 0.02768166089965398
0 0.8261245674740485 0.12510813148788927 0.058246828143021914 0.022707612456747406
0 0.4058535178777393 0.19582612456747406 0.6911764705882353 0.05947231833910035
0 0.41882929642445216 0.2899005190311419 0.6611880046136102 0.016219723183391006
0 0.8369377162629758 0.31833910034602075 0.05853517877739331 0.01773356401384083
0 0.459919261822376 0.3491565743944637 0.8068050749711649 0.04044117647058824
0 0.18065167243367936 0.408628892733564 0.25519031141868515 0.020977508650519033
0 0.8412629757785467 0.43890570934256057 0.05392156862745098 0.04044117647058824
0 0.46424452133794697 0.5048659169550174 0.8241061130334487 0.08585640138408304
0 0.2821510957324106 0.6313797577854672 0.46280276816609 0.155060553633218
0 0.14100346020761245 0.7256704152249135 0.11534025374855825 0.020544982698961937
0 0.2782583621683968 0.7584342560553633 0.46366782006920415 0.04282006920415225
0 0.698529411764706 0.737348615916955 0.3094002306805075 0.020112456747404844
0 0.15599769319492504 0.8241782006920415 0.14705882352941177 0.030276816608996542
0 0.8617358708189158 0.8735942906574394 0.056228373702422146 0.022275086505190313
0 0.5957324106113033 0.7086937716262977 0.020184544405997693 0.015570934256055364
0 0.7533160322952711 0.7081531141868512 0.018166089965397925 0.01448961937716263
0 0.25230680507497116 0.9652897923875433 0.4204152249134948 0.05082179930795848
0 0.5403690888119954 0.9462586505190311 0.14417531718569782 0.01838235294117647
0 0.7593713956170703 0.9393382352941176 0.263840830449827 0.03352076124567474
0 0.8559688581314879 0.9885380622837371 0.0331603229527105 0.019463667820069204
3 0.46957900807381775 0.795523356401384 0.21193771626297578 0.031358131487889275
3 0.47693194925028837 0.857590830449827 0.31718569780853517 0.04217128027681661
3 0.4786620530565167 0.9076557093425606 0.22837370242214533 0.05579584775086505
3 0.4617935409457901 0.38246107266435986 0.22923875432525953 0.02487024221453287
3 0.4620818915801615 0.4405276816608997 0.13465974625144175 0.04065743944636678
3 0.4603517877739331 0.3142301038062284 0.08217993079584775 0.019463667820069204
3 0.459919261822376 0.2537846020761246 0.276239907727797 0.052984429065743945
3 0.45271049596309115 0.09612889273356402 0.2831603229527105 0.0361159169550173
3 0.45891003460207613 0.14176038062283738 0.20040369088811996 0.05082179930795848
1 0.5980392156862745 0.6254325259515571 0.10957324106113034 0.1323529411764706
1 0.7511534025374856 0.6278114186851211 0.19261822376009227 0.14057093425605538
