0 0.15657439446366783 0.12121539792387544 0.14705882352941177 0.04649653979238755
0 0.5422433679354095 0.12337802768166091 0.21193771626297578 0.03352076124567474
0 0.45862168396770475 0.27530276816608995 0.7828719723183392 0.08866782006920415
0 0.1854094579008074 0.3304498269896194 0.15282583621683968 0.021626297577854673
0 0.3807670126874279 0.35207612456747406 0.5521914648212226 0.02378892733564014
0 0.3245386389850058 0.372621107266436 0.4368512110726644 0.021626297577854673
0 0.4802479815455594 0.40776384083044986 0.7540369088811996 0.044333910034602075
0 0.11043829296424452 0.4391219723183391 0.09803921568627451 0.020544982698961937
0 0.4759227220299885 0.4634515570934256 0.7482698961937716 0.019463667820069204
0 0.11764705882352941 0.4866998269896194 0.11245674740484429 0.020544982698961937
0 0.4607843137254902 0.5532006920415226 0.8073817762399077 0.11029411764705882
0 0.46510957324106117 0.6440311418685122 0.2768166089965398 0.03243944636678201
0 0.46366782006920415 0.7299956747404844 0.8217993079584776 0.09191176470588236
0 0.2106401384083045 0.8051470588235294 0.34457900807381775 0.028114186851211073
0 0.46438869665513266 0.884083044982699 0.8290080738177624 0.11461937716262977
