0 0.6559976931949251 0.042063148788927335 0.25432525951557095 0.022275086505190313
0 0.8290080738177624 0.043360726643598614 0.02249134948096886 0.01838235294117647
1 0.8016147635524798 0.045847750865051905 0.03517877739331027 0.02768166089965398
0 0.4548731257208766 0.2529195501730104 0.8111303344867359 0.3812716262975779
1 0.24106113033448676 0.5443339100346021 0.2681660899653979 0.14013840830449828
1 0.6141868512110726 0.5358996539792388 0.38408304498269896 0.16219723183391005
1 0.7312572087658593 0.7178849480968859 0.2364475201845444 0.09666955017301038
0 0.4609284890426759 0.637651384083045 0.37053056516724336 0.029195501730103806
0 0.7302479815455595 0.7865484429065744 0.1911764705882353 0.02119377162629758
0 0.31141868512110726 0.7072880622837371 0.5415224913494809 0.09623702422145329
0 0.16219723183391005 0.8146626297577855 0.27191464821222605 0.025519031141868515
0 0.126441753171857 0.8892733564013842 0.1831026528258362 0.028546712802768166
0 0.24034025374855825 0.9373918685121108 0.33304498269896193 0.024437716262975778
0 0.8600057670126875 0.9750216262975779 0.047001153402537486 0.01838235294117647
3 0.3081026528258362 0.7778979238754326 0.14561707035755478 0.04368512110726644
3 0.4697231833910035 0.8517517301038062 0.23356401384083045 0.052984429065743945
3 0.46929065743944637 0.9073313148788927 0.10467128027681662 0.022707612456747406
3 0.4668396770472895 0.9571799307958477 0.18742791234140715 0.02378892733564014
