0 0.42488465974625145 0.09666955017301038 0.7598039215686275 0.08261245674740485
0 0.1448961937716263 0.14500432525951557 0.13350634371395617 0.020544982698961937
0 0.42502883506343714 0.1891219723183391 0.7698961937716263 0.06120242214532872
0 0.4271914648212226 0.278871107266436 0.7828719723183392 0.11094290657439447
2 0.32511534025374855 0.38321799307958476 0.30074971164936565 0.08910034602076125
2 0.6257208765859285 0.39186851211072665 0.1332179930795848 0.09991349480968859
1 0.5103806228373703 0.3875432525951557 0.07439446366782007 0.03200692041522491
0 0.4332468281430219 0.45966695501730104 0.3382352941176471 0.020544982698961937
0 0.125 0.49729671280276816 0.131199538638985 0.020977508650519033
0 0.43151672433679356 0.5665008650519031 0.8203575547866205 0.12045847750865052
1 0.4284890426758939 0.6668468858131488 0.5709342560553633 0.07677335640138408
1 0.43829296424452135 0.7238321799307958 0.21395617070357556 0.022058823529411766
1 0.26888696655132643 0.7649221453287197 0.43339100346020765 0.0263840830449827
3 0.44405997693194926 0.8684039792387543 0.4232987312572088 0.1805795847750865
0 0.9126297577854672 0.8568339100346021 0.042675893886966555 0.022058823529411766
0 0.9158016147635525 0.9128460207612457 0.03748558246828143 0.06487889273356402
0 0.8300173010380623 0.9776167820069205 0.13408304498269896 0.02703287197231834
