0 0.06213956170703576 0.3601859861591696 0.10236447520184545 0.6239186851211073
0 0.3223760092272203 0.06769031141868512 0.34602076124567477 0.13408304498269896
0 0.6640715109573241 0.006055363321799308 0.050749711649365634 0.012110726643598616
0 0.6610438292964245 0.04238754325259516 0.291522491349481 0.051903114186851215
0 0.6653690888119954 0.10650951557093426 0.33304498269896193 0.07504325259515571
0 0.9139273356401384 0.1270544982698962 0.16637831603229528 0.25021626297577854
0 0.7736447520184545 0.1973399653979239 0.10092272202998846 0.10964532871972318
1 0.6091407151095732 0.1973399653979239 0.22058823529411764 0.11094290657439447
1 0.875 0.4531790657439447 0.23269896193771628 0.13256920415224913
2 0.6571510957324106 0.6287846020761246 0.3281430219146482 0.09883217993079585
1 0.19521337946943484 0.7347534602076125 0.03460207612456748 0.020977508650519033
0 0.314878892733564 0.1460856401384083 0.060553633217993084 0.01578719723183391
0 0.317762399077278 0.17636245674740486 0.2895040369088812 0.04173875432525952
0 0.3158881199538639 0.3072015570934256 0.341118800461361 0.219939446366782
0 0.6647923875432526 0.2874134948096886 0.22808535178777395 0.035899653979238756
0 0.9178200692041523 0.32244809688581316 0.16262975778546712 0.11029411764705882
0 0.880767012687428 0.38321799307958476 0.14215686274509803 0.012975778546712804
0 0.6557093425605537 0.3220155709342561 0.27335640138408307 0.03762975778546713
0 0.5751153402537486 0.43090397923875434 0.15599769319492504 0.1758217993079585
0 0.7433679354094579 0.36061851211072665 0.16147635524798154 0.03957612456747405
0 0.7126585928489043 0.45036764705882354 0.09602076124567474 0.14121972318339102
0 0.3216551326412918 0.44171712802768165 0.20847750865051903 0.037413494809688586
0 0.31531141868512114 0.4719939446366782 0.2690311418685121 0.024437716262975778
0 0.3091118800461361 0.5999134948096886 0.3448673587081892 0.22577854671280279
0 0.741926182237601 0.533196366782007 0.08535178777393311 0.01448961937716263
0 0.7446655132641292 0.558174740484429 0.5066320645905421 0.041089965397923874
0 0.9173875432525952 0.6291089965397924 0.16349480968858132 0.10380622837370243
0 0.7399077277970012 0.7008001730103807 0.34140715109573244 0.022275086505190313
0 0.07785467128027682 0.859537197231834 0.15570934256055363 0.2804930795847751
0 0.23904267589388697 0.887651384083045 0.15859284890426759 0.22426470588235295
0 0.5173010380622838 0.7559472318339101 0.3788927335640139 0.0361159169550173
0 0.40484429065743943 0.8898140138408305 0.15570934256055363 0.219939446366782
0 0.6456170703575548 0.8901384083044983 0.3223760092272203 0.21929065743944637
0 0.8943194925028836 0.86310553633218 0.1709919261822376 0.27335640138408307
