0 0.6982410611303345 0.04995674740484429 0.20905420991926182 0.021626297577854673
0 0.85020184544406 0.05374134948096886 0.024509803921568627 0.01838235294117647
1 0.8232410611303345 0.05287629757785467 0.034025374855824686 0.025302768166089964
1 0.3082468281430219 0.13527249134948097 0.21626297577854672 0.13300173010380623
1 0.5803056516724336 0.1531141868512111 0.3295847750865052 0.1384083044982699
0 0.291522491349481 0.21583044982698962 0.09515570934256055 0.01730103806228374
0 0.596885813148789 0.23269896193771628 0.08419838523644753 0.019463667820069204
0 0.4776528258362169 0.2512975778546713 0.3013264129181084 0.029844290657439446
0 0.47116493656286046 0.3323961937716263 0.8073817762399077 0.13148788927335642
0 0.22130911188004615 0.42484861591695505 0.32785467128027684 0.026600346020761247
0 0.4671280276816609 0.4937283737024222 0.8281430219146483 0.06704152249134948
0 0.2116493656286044 0.5354671280276817 0.31718569780853517 0.019463667820069204
0 0.46957900807381775 0.5821799307958477 0.8405420991926182 0.0666089965397924
0 0.3698096885813149 0.6272707612456747 0.639273356401384 0.022707612456747406
0 0.21597462514417531 0.6621972318339101 0.3489042675893887 0.02422145328719723
0 0.4700115340253749 0.7090181660899654 0.8569780853517878 0.04217128027681661
0 0.4682814302191465 0.7541089965397925 0.8592848904267589 0.047145328719723184
0 0.05867935409457901 0.7928200692041523 0.04757785467128028 0.02378892733564014
0 0.8754325259515571 0.8106617647058824 0.051903114186851215 0.020544982698961937
0 0.2760957324106113 0.8420198961937716 0.4997116493656286 0.022707612456747406
0 0.4649653979238754 0.875 0.8728373702422145 0.051903114186851215
0 0.06372549019607843 0.9121972318339101 0.08938869665513265 0.02378892733564014
0 0.46064013840830453 0.9484212802768166 0.8774509803921569 0.05514705882352941
0 0.8618800461361015 0.9828070934256056 0.03748558246828143 0.018814878892733564
3 0.47332756632064593 0.8162846020761246 0.14273356401384082 0.025302768166089964
