1 0.11980968858131488 0.030060553633217996 0.22001153402537485 0.057525951557093426
0 0.8000288350634371 0.051686851211072665 0.04238754325259516 0.014273356401384083
0 0.7130911188004614 0.06574394463667821 0.23356401384083045 0.018166089965397925
0 0.24812572087658594 0.09645328719723184 0.4691464821222607 0.03460207612456748
0 0.4222895040369089 0.18576989619377163 0.819204152249135 0.1457612456747405
0 0.41796424452133796 0.3562932525951557 0.8220876585928489 0.15938581314878894
0 0.046280276816609 0.4695069204152249 0.05968858131487889 0.019463667820069204
0 0.20919838523644751 0.6726859861591695 0.4028258362168397 0.37564878892733566
0 0.6365340253748558 0.6522491349480969 0.39244521337946947 0.4022491349480969
0 0.42084775086505194 0.9037629757785467 0.8336216839677048 0.09385813148788928
