0 0.6704152249134948 0.02670847750865052 0.27335640138408307 0.022707612456747406
0 0.8574106113033448 0.028546712802768166 0.021626297577854673 0.023356401384083045
1 0.827277970011534 0.02422145328719723 0.040369088811995385 0.029844290657439446
1 0.3514994232987313 0.11862024221453288 0.2047289504036909 0.11353806228373703
1 0.6048154555940023 0.12186418685121107 0.20559400230680508 0.11137543252595156
1 0.2693194925028835 0.5645544982698962 0.3604382929642445 0.10705017301038063
1 0.6783448673587082 0.5623918685121108 0.3884083044982699 0.10488754325259515
0 0.34054209919261824 0.18533737024221453 0.1787773933102653 0.022058823529411766
0 0.6134659746251442 0.18933823529411764 0.17502883506343714 0.020544982698961937
0 0.47750865051903113 0.21507352941176472 0.2508650519031142 0.024437716262975778
0 0.28690888119953867 0.28719723183391005 0.4261822376009227 0.021626297577854673
0 0.4822664359861592 0.40776384083044986 0.8295847750865052 0.17192906574394465
3 0.4812572087658593 0.2580017301038062 0.15859284890426759 0.041089965397923874
3 0.4786620530565167 0.30914792387543255 0.27335640138408307 0.025302768166089964
3 0.4884659746251442 0.7400519031141869 0.1643598615916955 0.04282006920415225
3 0.486159169550173 0.855211937716263 0.21049596309111882 0.025302768166089964
0 0.4805363321799308 0.6621972318339101 0.17445213379469435 0.02768166089965398
0 0.4747693194925029 0.6957179930795848 0.788638985005767 0.022058823529411766
0 0.4877450980392157 0.8006055363321799 0.8751441753171857 0.07525951557093426
0 0.19247404844290658 0.8813797577854672 0.29498269896193774 0.03352076124567474
0 0.21871395617070358 0.9190095155709342 0.35322952710495964 0.030925605536332182
0 0.5038927335640139 0.9533953287197232 0.8630334486735871 0.03352076124567474
0 0.8967704728950404 0.9835640138408305 0.03114186851211073 0.02378892733564014
