0 0.2674452133794694 0.05233564013840831 0.41032295271049596 0.029844290657439446
0 0.322520184544406 0.08455882352941177 0.4397347174163783 0.02378892733564014
0 0.47722029988465975 0.1055363321799308 0.7531718569780854 0.021626297577854673
0 0.10841983852364476 0.125 0.10092272202998846 0.021626297577854673
0 0.302479815455594 0.1907439446366782 0.4873125720876586 0.10856401384083045
0 0.29512687427912343 0.29130622837370246 0.49740484429065746 0.092560553633218
0 0.3096885813148789 0.34807525951557095 0.530565167243368 0.022275086505190313
0 0.7042964244521338 0.30266003460207613 0.29209919261822376 0.017949826989619378
1 0.701845444059977 0.2094506920415225 0.29123414071510956 0.15246539792387545
1 0.4649653979238754 0.47545415224913495 0.5256632064590542 0.22166955017301038
0 0.4666955017301038 0.6043468858131488 0.5348904267589388 0.01578719723183391
0 0.3034890426758939 0.6443555363321799 0.45184544405997695 0.0231401384083045
0 0.4610726643598616 0.6935553633217993 0.8765859284890427 0.07309688581314878
1 0.46929065743944637 0.8258001730103807 0.40570934256055363 0.17409169550173012
0 0.4671280276816609 0.9305795847750865 0.447520184544406 0.021626297577854673
0 0.9573241061130334 0.865484429065744 0.039792387543252594 0.01773356401384083
0 0.9602076124567475 0.9217128027681661 0.03114186851211073 0.06012110726643599
0 0.881199538638985 0.9828070934256056 0.11534025374855825 0.020112456747404844
