1 0.2367358708189158 0.04044117647058824 0.42099192618223763 0.08044982698961937
1 0.6094290657439446 0.12099913494809689 0.2696078431372549 0.1347318339100346
1 0.8174740484429066 0.1923659169550173 0.1332179930795848 0.2666522491349481
1 0.11634948096885814 0.09072231833910036 0.04181084198385237 0.025302768166089964
1 0.2887831603229527 0.2062067474048443 0.327277970011534 0.15895328719723184
1 0.31718569780853517 0.6809039792387543 0.12918108419838525 0.07893598615916955
1 0.2981545559400231 0.8084991349480969 0.03748558246828143 0.020544982698961937
0 0.2573529411764706 0.092560553633218 0.22289504036908883 0.01730103806228374
0 0.23543829296424454 0.10888840830449828 0.4455017301038062 0.009731833910034602
0 0.6708477508650519 0.027897923875432527 0.3820645905420992 0.05579584775086505
0 0.6127450980392157 0.1997188581314879 0.27450980392156865 0.02487024221453287
0 0.6149077277970012 0.2947664359861592 0.28056516724336794 0.15570934256055363
0 0.8275663206459054 0.3483996539792388 0.12053056516724338 0.043252595155709346
0 0.06963667820069204 0.33942474048442905 0.08794694348327567 0.405060553633218
0 0.29296424452133796 0.41836072664359863 0.33160322952710497 0.26232698961937717
0 0.23428489042675896 0.5922361591695502 0.45184544405997695 0.09839965397923876
0 0.42416378316032294 0.678416955017301 0.06920415224913495 0.07828719723183392
0 0.131199538638985 0.6805795847750865 0.23298731257208766 0.047145328719723184
0 0.6963667820069205 0.4408520761245675 0.4348327566320646 0.11137543252595156
0 0.6996828143021915 0.6146193771626298 0.4541522491349481 0.21237024221453288
0 0.13336216839677048 0.8375865051903114 0.26614763552479814 0.20328719723183392
0 0.5317185697808535 0.7624351211072664 0.4757785467128028 0.03784602076124568
0 0.3391003460207613 0.8754325259515571 0.1182237600922722 0.10164359861591696
0 0.60020184544406 0.852833044982699 0.38783160322952714 0.13732698961937717
0 0.8604382929642446 0.8227724913494809 0.10957324106113034 0.18533737024221453
0 0.11779123414071511 0.9512326989619377 0.07064590542099193 0.01189446366782007
0 0.20645905420991928 0.9471237024221454 0.06343713956170703 0.010164359861591695
0 0.33564013840830453 0.9411764705882353 0.15570934256055363 0.01124567474048443
0 0.5171568627450981 0.9368512110726643 0.17445213379469435 0.009083044982698962
0 0.7290945790080738 0.9298226643598616 0.22347174163783162 0.012326989619377162
