0 0.6346597462514417 0.03557525951557094 0.265282583621684 0.0231401384083045
0 0.8143021914648213 0.03762975778546713 0.02306805074971165 0.019463667820069204
1 0.7857554786620531 0.03665657439446367 0.03806228373702422 0.027465397923875434
0 0.4418973471741638 0.08693771626297578 0.7690311418685122 0.06314878892733564
0 0.7972895040369089 0.14046280276816608 0.06978085351787774 0.022275086505190313
0 0.4429065743944637 0.22372404844290658 0.7871972318339101 0.14424740484429066
0 0.8124279123414072 0.3156358131487889 0.07006920415224914 0.020977508650519033
0 0.4407439446366782 0.42160467128027684 0.8232410611303345 0.1758217993079585
3 0.44694348327566324 0.13375865051903116 0.12918108419838525 0.03784602076124568
3 0.4356978085351788 0.3137975778546713 0.6141868512110726 0.041089965397923874
3 0.44405997693194926 0.5283304498269896 0.16089965397923875 0.041089965397923874
3 0.41709919261822376 0.571583044982699 0.08794694348327567 0.03460207612456748
3 0.44333910034602075 0.5992647058823529 0.6929065743944637 0.04541522491349481
3 0.22895040369088812 0.6459775086505191 0.23933102652825836 0.04498269896193772
3 0.4397347174163783 0.714424740484429 0.13610149942329874 0.04217128027681661
0 0.3615916955017301 0.6792820069204153 0.6459054209919262 0.028114186851211073
0 0.8415513264129182 0.7084775086505191 0.06487889273356402 0.02378892733564014
0 0.4465109573241061 0.8454801038062284 0.8895617070357555 0.22988754325259517
0 0.8460207612456747 0.9696150519031143 0.02306805074971165 0.02487024221453287
