0 0.4231545559400231 0.07904411764705882 0.6213956170703576 0.04044117647058824
3 0.4541522491349481 0.10942906574394463 0.2508650519031142 0.021626297577854673
3 0.4524221453287197 0.17387543252595156 0.15859284890426759 0.025086505190311418
3 0.45285467128027684 0.2171280276816609 0.24596309111880046 0.019463667820069204
3 0.45963091118800464 0.2610294117647059 0.411764705882353 0.019463667820069204
3 0.45285467128027684 0.30439013840830453 0.3174740484429066 0.026600346020761247
3 0.45804498269896193 0.3493728373702422 0.252883506343714 0.027465397923875434
3 0.4542964244521338 0.39478806228373703 0.2373125720876586 0.0231401384083045
0 0.8154555940023068 0.11115916955017302 0.05594002306805075 0.02249134948096886
0 0.819204152249135 0.17236159169550175 0.051903114186851215 0.019463667820069204
0 0.8222318339100346 0.21345155709342561 0.06545559400230681 0.019463667820069204
0 0.8236735870818916 0.2545415224913495 0.06430219146482122 0.02378892733564014
0 0.8226643598615917 0.34645328719723184 0.06459054209919263 0.021626297577854673
0 0.8236735870818916 0.39478806228373703 0.07583621683967705 0.020112456747404844
0 0.29282006920415227 0.1432742214532872 0.4604959630911188 0.0361159169550173
0 0.09674163783160324 0.19550173010380623 0.07006920415224914 0.020761245674740483
0 0.20198961937716264 0.23940311418685123 0.20559400230680508 0.02378892733564014
0 0.21929065743944637 0.2849264705882353 0.2517301038062284 0.022275086505190313
0 0.06934832756632064 0.3288278546712803 0.030853517877739333 0.025302768166089964
0 0.12701845444059978 0.3720804498269896 0.14792387543252597 0.025302768166089964
0 0.4610726643598616 0.46366782006920415 0.8143021914648213 0.11332179930795848
0 0.2846020761245675 0.7106401384083045 0.14244521337946944 0.01730103806228374
0 0.46064013840830453 0.7372404844290658 0.38494809688581316 0.022923875432525952
0 0.6124567474048443 0.7069636678200693 0.13667820069204153 0.01730103806228374
1 0.2918108419838524 0.611159169550173 0.23760092272202998 0.16003460207612458
1 0.6182237600922722 0.6118079584775087 0.2520184544405998 0.16306228373702422
0 0.4630911188004614 0.8620242214532873 0.8471741637831603 0.1903114186851211
0 0.9398788927335641 0.8709991349480969 0.0395040369088812 0.022275086505190313
0 0.9390138408304498 0.9293901384083045 0.029700115340253748 0.06120242214532872
0 0.8572664359861591 0.9866998269896194 0.12399077277970012 0.020112456747404844
