0 0.08506343713956172 0.05341695501730104 0.14186851211072665 0.05795847750865052
1 0.4411764705882353 0.04065743944636678 0.38985005767012687 0.07352941176470588
1 0.6660899653979239 0.018814878892733564 0.03517877739331027 0.030709342560553635
1 0.1787773933102653 0.10045415224913495 0.029411764705882353 0.017949826989619378
0 0.7237600922722031 0.0666089965397924 0.058246828143021914 0.021626297577854673
0 0.05983275663206459 0.10564446366782007 0.08448673587081892 0.009731833910034602
0 0.2227508650519031 0.09991349480968859 0.05853517877739331 0.015570934256055364
0 0.07857554786620531 0.17592993079584776 0.14792387543252597 0.12218858131487889
0 0.4008073817762399 0.11580882352941177 0.3108419838523645 0.02703287197231834
0 0.23961937716262977 0.18609429065743946 0.15570934256055363 0.09839965397923876
0 0.39792387543252594 0.18263408304498271 0.16089965397923875 0.10315743944636678
0 0.5618512110726643 0.17993079584775087 0.15715109573241062 0.09558823529411765
0 0.7205882352941176 0.1615484429065744 0.15570934256055363 0.14316608996539792
1 0.8232410611303345 0.1034818339100346 0.0265282583621684 0.022707612456747406
0 0.8672145328719724 0.10402249134948097 0.05853517877739331 0.019463667820069204
0 0.8794694348327566 0.14024653979238755 0.09284890426758939 0.04217128027681661
0 0.8359284890426759 0.16857698961937717 0.02883506343713956 0.011461937716262976
0 0.8873990772779701 0.2256704152249135 0.14619377162629757 0.09407439446366782
1 0.026239907727797003 0.25108131487889274 0.025951557093425608 0.025951557093425608
0 0.07035755478662054 0.25097318339100344 0.06343713956170703 0.01838235294117647
0 0.11361014994232987 0.28806228373702425 0.16724336793540948 0.045847750865051905
0 0.49163783160322955 0.28233131487889274 0.5859284890426759 0.052984429065743945
0 0.42387543252595156 0.3142301038062284 0.1320645905420992 0.015138408304498271
0 0.08391003460207613 0.3628892733564014 0.15282583621683968 0.05839100346020761
0 0.08895617070357555 0.39922145328719727 0.11678200692041522 0.012975778546712804
0 0.08982122260668973 0.5780709342560554 0.16003460207612458 0.3416955017301038
0 0.25346020761245674 0.5394679930795848 0.15859284890426759 0.41587370242214533
0 0.4145040369088812 0.5437932525951558 0.16637831603229528 0.4396626297577855
0 0.5781430219146483 0.4594506920415225 0.1637831603229527 0.2688148788927336
0 0.5914071510957324 0.6778762975778547 0.15859284890426759 0.1671712802768166
0 0.7410611303344867 0.3999783737024222 0.15628604382929642 0.155060553633218
0 0.7551903114186851 0.6169982698961938 0.16724336793540948 0.2768166089965398
0 0.9054209919261823 0.38538062283737023 0.16089965397923875 0.2231833910034602
0 0.9209919261822376 0.6021842560553633 0.157439446366782 0.2082612456747405
0 0.9296424452133795 0.8506704152249135 0.14013840830449828 0.2865484429065744
0 0.7932525951557093 0.7836288927335641 0.060553633217993084 0.020544982698961937
0 0.7850346020761246 0.8977076124567475 0.1058246828143022 0.18814878892733564
1 0.7450980392156863 0.7849264705882353 0.031718569780853516 0.0231401384083045
1 0.5457035755478662 0.8819204152249135 0.3653402537485583 0.22491349480968859
1 0.03705305651672434 0.7620025951557093 0.030276816608996542 0.020544982698961937
0 0.08362168396770474 0.7627595155709342 0.05997693194925029 0.01903114186851211
0 0.09371395617070358 0.8865700692041523 0.17531718569780855 0.22642733564013842
0 0.26600346020761245 0.8822448096885813 0.16926182237600923 0.23507785467128028
