1 0.23284313725490197 0.050713667820069204 0.4085928489042676 0.09364186851211073
1 0.11606113033448674 0.10477941176470588 0.04123414071510957 0.0231401384083045
0 0.6632064590542099 0.009948096885813149 0.317762399077278 0.01730103806228374
0 0.6607554786620531 0.028546712802768166 0.4137831603229527 0.02768166089965398
0 0.6692618223760093 0.08023356401384084 0.42387543252595156 0.08001730103806229
0 0.25922722029988465 0.10240051903114188 0.2306805074971165 0.01189446366782007
0 0.23313148788927338 0.12045847750865052 0.4426182237600923 0.016868512110726645
0 0.4548731257208766 0.15322231833910036 0.606401384083045 0.044333910034602075
0 0.45891003460207613 0.18641868512110726 0.07064590542099193 0.015570934256055364
0 0.45083621683967706 0.21128892733564014 0.16580161476355249 0.02119377162629758
0 0.0658881199538639 0.30676903114186854 0.11966551326412918 0.3471020761245675
0 0.197520184544406 0.3518598615916955 0.12745098039215685 0.2512975778546713
0 0.33376585928489044 0.3486159169550173 0.13062283737024222 0.24913494809688583
0 0.4671280276816609 0.34731833910034604 0.1332179930795848 0.2508650519031142
0 0.5929930795847751 0.24589100346020762 0.12831603229527105 0.054498269896193774
0 0.7194348327566321 0.2496756055363322 0.12053056516724338 0.06336505190311419
0 0.596885813148789 0.31671712802768165 0.12341407151095733 0.08585640138408304
0 0.6045271049596309 0.4124134948096886 0.12831603229527105 0.10769896193771626
0 0.7277970011534025 0.32374567474048443 0.12399077277970012 0.08477508650519032
0 0.7352941176470589 0.4149005190311419 0.12745098039215685 0.09839965397923876
0 0.8376585928489043 0.18025519031141868 0.12341407151095733 0.1092128027681661
0 0.8546712802768166 0.30049740484429066 0.12975778546712805 0.12910899653979238
0 0.8672145328719724 0.4126297577854671 0.13062283737024222 0.09515570934256055
0 0.26715686274509803 0.5149221453287197 0.4368512110726644 0.041089965397923874
0 0.2703287197231834 0.542711937716263 0.3728373702422145 0.018814878892733564
0 0.060553633217993084 0.6490051903114187 0.11880046136101499 0.17301038062283738
0 0.197520184544406 0.6459775086505191 0.1320645905420992 0.17344290657439446
0 0.3380911188004614 0.6414359861591695 0.13465974625144175 0.17301038062283738
0 0.4764994232987313 0.6367863321799309 0.1317762399077278 0.17236159169550175
0 0.6149077277970012 0.5994809688581315 0.14331026528258362 0.23961937716262977
0 0.7295271049596309 0.4854022491349481 0.0784313725490196 0.013624567474048443
0 0.8135813148788927 0.5010813148788927 0.15426758938869667 0.013408304498269897
0 0.813437139561707 0.5192474048442907 0.24798154555940025 0.025951557093425608
0 0.8217993079584776 0.5808823529411765 0.25317185697808536 0.09731833910034603
0 0.828287197231834 0.6452205882352942 0.2574971164936563 0.02487024221453287
0 0.8373702422145329 0.7046929065743945 0.2595155709342561 0.08542387543252596
0 0.8429930795847751 0.7635164359861591 0.26095732410611305 0.02703287197231834
0 0.8463091118800462 0.8130406574394464 0.26009227220299885 0.07201557093425606
0 0.8491926182237601 0.8616998269896194 0.25720876585928487 0.026600346020761247
0 0.8489042675893888 0.9143598615916956 0.2681660899653979 0.07569204152249136
0 0.2722029988465975 0.7773572664359861 0.5420991926182238 0.06120242214532872
0 0.06343713956170703 0.8338019031141869 0.04555940023068051 0.020544982698961937
1 0.09847174163783161 0.8384515570934257 0.024509803921568627 0.02119377162629758
1 0.022779700115340255 0.8408304498269896 0.03460207612456748 0.021626297577854673
0 0.05767012687427912 0.922037197231834 0.11476355247981546 0.1157006920415225
0 0.197520184544406 0.8925173010380623 0.13610149942329874 0.1518166089965398
0 0.3431372549019608 0.8865700692041523 0.1332179930795848 0.1477076124567474
0 0.4891868512110727 0.8844074394463668 0.131199538638985 0.14987024221453288
0 0.6238465974625145 0.841371107266436 0.12831603229527105 0.21950692041522493
0 0.11346597462514418 0.9927551903114187 0.08506343713956172 0.01189446366782007
0 0.2126585928489043 0.987348615916955 0.07122260668973472 0.01189446366782007
0 0.3514994232987313 0.9784818339100346 0.16724336793540948 0.013624567474048443
0 0.5500288350634371 0.9728589965397925 0.18252595155709342 0.014057093425605537
0 0.7148212226066898 0.966371107266436 0.11245674740484429 0.009731833910034602
0 0.8427047289504037 0.9611807958477508 0.1115916955017301 0.013624567474048443
