0 0.654555940023068 0.05309256055363322 0.22722029988465975 0.01838235294117647
0 0.8145905420991927 0.054498269896193774 0.01787773933102653 0.01773356401384083
1 0.7882064590542099 0.05471453287197232 0.0331603229527105 0.030276816608996542
0 0.44449250288350634 0.12348615916955018 0.7684544405997693 0.09515570934256055
0 0.13292964244521338 0.18285034602076125 0.07497116493656286 0.020544982698961937
0 0.4455017301038062 0.22448096885813149 0.7820069204152249 0.06487889273356402
0 0.1254325259515571 0.2642733564013841 0.14071510957324107 0.01903114186851211
0 0.44579008073817766 0.31531141868512114 0.790080738177624 0.08001730103806229
0 0.1391291810841984 0.36991782006920415 0.10870818915801615 0.016219723183391006
0 0.361159169550173 0.3883001730103806 0.5573817762399077 0.016219723183391006
0 0.26023644752018454 0.4326340830449827 0.43166089965397925 0.061634948096885814
0 0.45083621683967706 0.4751297577854671 0.056228373702422146 0.01903114186851211
0 0.26066897347174167 0.5418468858131488 0.4354094579008074 0.1092128027681661
0 0.07972895040369089 0.6113754325259516 0.08217993079584775 0.023356401384083045
0 0.4534313725490196 0.6286764705882353 0.05392156862745098 0.019896193771626297
0 0.2241926182237601 0.6530060553633218 0.382641291810842 0.018814878892733564
0 0.45098039215686275 0.6746323529411765 0.051903114186851215 0.017949826989619378
0 0.6722895040369089 0.6987456747404844 0.2177047289504037 0.019463667820069204
0 0.25807381776239907 0.7099913494809689 0.4434832756632065 0.04541522491349481
0 0.4310841983852365 0.7479455017301039 0.7952710495963091 0.031358131487889275
3 0.2559111880046136 0.4758866782006921 0.10294117647058824 0.020544982698961937
3 0.25519031141868515 0.6315960207612457 0.1061130334486736 0.020544982698961937
3 0.2563437139561707 0.6775519031141869 0.08938869665513265 0.021626297577854673
3 0.455161476355248 0.7838451557093425 0.06776239907727798 0.04606401384083045
3 0.44982698961937717 0.8460207612456747 0.15051903114186851 0.047145328719723184
0 0.8448673587081892 0.7735726643598616 0.05709342560553633 0.02422145328719723
0 0.8448673587081892 0.8349913494809689 0.061130334486735875 0.028114186851211073
0 0.8412629757785467 0.9247404844290658 0.055651672433679356 0.02378892733564014
0 0.8409746251441753 0.9727508650519031 0.036043829296424454 0.021626297577854673
0 0.18050749711649366 0.8219074394463668 0.30565167243367936 0.029195501730103806
0 0.19506920415224915 0.8973832179930796 0.3359284890426759 0.050389273356401386
3 0.45674740484429066 0.9438797577854672 0.17589388696655134 0.05990484429065744
