1 0.2967128027681661 0.06044550173010381 0.43252595155709345 0.10532006920415225
1 0.16753171856978086 0.12283737024221454 0.049019607843137254 0.02378892733564014
0 0.3164648212226067 0.12316176470588236 0.24596309111880046 0.018814878892733564
0 0.29195501730103807 0.13992214532871972 0.4852941176470588 0.016868512110726645
0 0.754757785467128 0.028762975778546713 0.3739907727797001 0.03676470588235294
0 0.7622549019607844 0.09721020761245674 0.4541522491349481 0.10748269896193773
0 0.3954728950403691 0.17236159169550175 0.5781430219146483 0.019896193771626297
0 0.3943194925028835 0.20717993079584776 0.6438869665513264 0.04757785467128028
0 0.1179354094579008 0.346128892733564 0.11245674740484429 0.21301903114186851
0 0.32583621683967706 0.260272491349481 0.27162629757785467 0.052984429065743945
0 0.6026528258362168 0.2496756055363322 0.25432525951557095 0.037413494809688586
0 0.327277970011534 0.3048226643598616 0.24279123414071513 0.020977508650519033
0 0.6033737024221454 0.28395328719723184 0.23269896193771628 0.019463667820069204
0 0.2583621683967705 0.3883001730103806 0.12975778546712805 0.1351643598615917
0 0.4010957324106113 0.4164143598615917 0.132641291810842 0.19355536332179932
0 0.5435409457900807 0.40484429065743943 0.13610149942329874 0.21237024221453288
0 0.6790657439446367 0.402681660899654 0.1332179930795848 0.21237024221453288
1 0.18814878892733564 0.4859429065743945 0.2690311418685121 0.054498269896193774
0 0.8689446366782008 0.17344290657439446 0.2378892733564014 0.04152249134948097
0 0.8731257208765859 0.24318771626297578 0.25317185697808536 0.09796712802768166
0 0.8770184544405998 0.30211937716262977 0.24538638985005767 0.02422145328719723
0 0.8781718569780854 0.38775951557093424 0.2430795847750865 0.14922145328719724
0 0.8835063437139562 0.47707612456747406 0.23241061130334487 0.025951557093425608
0 0.8849480968858132 0.5697448096885813 0.2295271049596309 0.15938581314878894
0 0.8889850057670127 0.7317257785467128 0.22145328719723184 0.15679065743944637
0 0.9649653979238755 0.9089532871972319 0.06949250288350635 0.18166089965397925
0 0.6375432525951558 0.9149005190311419 0.5738177623990773 0.16976643598615918
1 0.625 0.6686851211072664 0.28748558246828143 0.291522491349481
0 0.41017877739331027 0.7789792387543253 0.13062283737024222 0.06877162629757785
0 0.2566320645905421 0.6337586505190311 0.43194925028835063 0.20436851211072665
0 0.18194925028835063 0.8501297577854672 0.30276816608996543 0.18166089965397925
0 0.18382352941176472 0.9695069204152249 0.30478662053056516 0.060553633217993084
