0 0.6711361014994233 0.061851211072664364 0.20963091118800461 0.021626297577854673
0 0.8206459054209919 0.063689446366782 0.01730103806228374 0.018814878892733564
1 0.7915224913494809 0.06260813148788928 0.034025374855824686 0.0296280276816609
1 0.28690888119953867 0.45804498269896193 0.36101499423298733 0.12975778546712805
1 0.6339388696655133 0.4643166089965398 0.3099769319492503 0.13667820069204153
3 0.45703575547866204 0.10532006920415225 0.1332179930795848 0.04065743944636678
3 0.4531430219146482 0.16100778546712805 0.14850057670126876 0.04390138408304498
3 0.4541522491349481 0.20317906574394465 0.15916955017301038 0.04390138408304498
0 0.07684544405997694 0.12932525951557095 0.0331603229527105 0.021626297577854673
0 0.8059400230680508 0.2110726643598616 0.058246828143021914 0.01730103806228374
0 0.45011534025374855 0.27292387543252594 0.792964244521338 0.10856401384083045
0 0.10279700115340254 0.3323961937716263 0.11101499423298732 0.016868512110726645
0 0.17401960784313725 0.35207612456747406 0.1773356401384083 0.019463667820069204
0 0.43656286043829295 0.3774870242214533 0.6949250288350635 0.02703287197231834
0 0.2847462514417532 0.5429282006920415 0.10005767012687428 0.01838235294117647
0 0.6596020761245674 0.5421712802768166 0.11447520184544406 0.015570934256055364
0 0.4534313725490196 0.573529411764706 0.3422722029988466 0.022058823529411766
0 0.38422722029988465 0.6061851211072664 0.6323529411764706 0.02378892733564014
0 0.15758362168396772 0.6315960207612457 0.1715686274509804 0.020544982698961937
0 0.052623990772779704 0.7022058823529412 0.021049596309111882 0.01903114186851211
0 0.8333333333333334 0.7263192041522492 0.05997693194925029 0.020544982698961937
0 0.34054209919261824 0.7681660899653979 0.6141868512110726 0.025519031141868515
0 0.157439446366782 0.798226643598616 0.17012687427912343 0.021626297577854673
0 0.21193771626297578 0.8219074394463668 0.27162629757785467 0.022707612456747406
0 0.6105824682814303 0.8125 0.5170126874279124 0.032871972318339104
0 0.05666089965397924 0.8438581314878894 0.04181084198385237 0.019896193771626297
0 0.06704152249134948 0.8927335640138409 0.06718569780853519 0.021626297577854673
0 0.13480392156862744 0.965181660899654 0.13350634371395617 0.025951557093425608
0 0.8383794694348328 0.9054930795847751 0.05853517877739331 0.02422145328719723
0 0.8329008073817763 0.9679930795847751 0.04757785467128028 0.021626297577854673
3 0.45155709342560557 0.6516003460207612 0.27970011534025374 0.02378892733564014
3 0.4602076124567474 0.6771193771626298 0.09515570934256055 0.02378892733564014
3 0.4548731257208766 0.733023356401384 0.12773933102652826 0.04476643598615917
3 0.45588235294117646 0.8644031141868512 0.15859284890426759 0.02422145328719723
3 0.45963091118800464 0.9235510380622838 0.15859284890426759 0.04217128027681661
