0 0.20761245674740486 0.05060553633217993 0.34025374855824686 0.026816608996539794
0 0.8078143021914649 0.06509515570934256 0.04411764705882353 0.015138408304498271
1 0.24769319492502884 0.21420847750865052 0.3604382929642445 0.2990916955017301
1 0.6120242214532872 0.2200475778546713 0.3739907727797001 0.29044117647058826
0 0.4361303344867359 0.3923010380622837 0.8088235294117647 0.05968858131487889
0 0.22736447520184544 0.5361159169550174 0.3970588235294118 0.22794117647058823
1 0.6461937716262977 0.5040008650519031 0.36562860438292966 0.15938581314878894
0 0.6495098039215687 0.6139705882352942 0.3855247981545559 0.051903114186851215
1 0.43901384083044986 0.747621107266436 0.4685697808535179 0.19679930795847753
0 0.4404555940023068 0.865916955017301 0.46337946943483277 0.03243944636678201
0 0.22794117647058823 0.914143598615917 0.40570934256055363 0.04974048442906574
0 0.6476355247981546 0.9001946366782008 0.3973471741637832 0.0361159169550173
