0 0.21929065743944637 0.05384948096885813 0.3422722029988466 0.025951557093425608
0 0.8274221453287197 0.06931228373702422 0.0395040369088812 0.012326989619377162
0 0.24524221453287198 0.0888840830449827 0.3941753171856978 0.041089965397923874
0 0.6629181084198386 0.0941825259515571 0.3875432525951557 0.037413494809688586
1 0.26398500576701267 0.20415224913494812 0.3624567474048443 0.20242214532871972
1 0.6350922722029989 0.2113970588235294 0.36649365628604386 0.19831314878892733
0 0.45198961937716264 0.35521193771626297 0.819204152249135 0.09364186851211073
0 0.24524221453287198 0.44344723183391005 0.40743944636678203 0.07850346020761247
0 0.6620530565167243 0.4467993079584775 0.39158016147635527 0.07352941176470588
1 0.4485294117647059 0.5623918685121108 0.5106689734717417 0.16371107266435986
0 0.4524221453287197 0.683931660899654 0.8241061130334487 0.07201557093425606
0 0.24235870818915803 0.8331531141868512 0.3999423298731257 0.2147491349480969
0 0.6647923875432526 0.826340830449827 0.3953287197231834 0.2097750865051903
