1 0.007785467128027682 0.49902681660899656 0.015570934256055364 0.9954584775086506
1 0.26773356401384085 0.03049307958477509 0.4679930795847751 0.06098615916955018
1 0.14230103806228375 0.07471885813148789 0.05968858131487889 0.027465397923875434
1 0.4553056516724337 0.5674740484429066 0.2935409457900807 0.32655709342560557
1 0.14763552479815456 0.7740051903114187 0.26066897347174167 0.05060553633217993
1 0.15484429065743946 0.8274221453287197 0.2750865051903114 0.03460207612456748
1 0.8558246828143022 0.947772491349481 0.20761245674740486 0.0231401384083045
0 0.2981545559400231 0.07655709342560554 0.24221453287197234 0.015138408304498271
0 0.27551903114186854 0.0941825259515571 0.4835640138408305 0.01448961937716263
0 0.760957324106113 0.03633217993079585 0.4682814302191465 0.0726643598615917
0 0.759515570934256 0.08953287197231834 0.45790080738177624 0.029411764705882353
0 0.07987312572087658 0.3482915224913495 0.10207612456747406 0.4548010380622837
0 0.21496539792387545 0.3428849480968858 0.15080738177623992 0.46993944636678203
0 0.15008650519031141 0.6626297577854672 0.2673010380622837 0.16652249134948097
0 0.6590253748558247 0.14619377162629757 0.6548442906574394 0.06920415224913495
0 0.4456459054209919 0.2881704152249135 0.2834486735870819 0.20912629757785467
0 0.6597462514417531 0.28708910034602075 0.13667820069204153 0.2082612456747405
0 0.8647635524798155 0.26978806228373703 0.2698961937716263 0.17365916955017302
0 0.8667820069204153 0.37532439446366783 0.2450980392156863 0.024437716262975778
0 0.658881199538639 0.47913062283737023 0.09803921568627451 0.04909169550173011
0 0.668396770472895 0.6669550173010381 0.11130334486735871 0.12197231833910036
0 0.8705305651672434 0.5728806228373703 0.2583621683967705 0.3274221453287197
0 0.15484429065743946 0.9145761245674741 0.26701268742791234 0.1384083044982699
0 0.5077854671280277 0.9942690311418686 0.8056516724336794 0.011029411764705883
0 0.5885236447520185 0.7628676470588236 0.47693194925028837 0.03525086505190311
0 0.5903979238754326 0.8028762975778547 0.5579584775086506 0.050389273356401386
0 0.5129757785467128 0.9022491349480969 0.4204152249134948 0.16003460207612458
0 0.8587081891580162 0.9715614186851211 0.2537485582468281 0.0231401384083045
0 0.7995963091118801 0.8818122837370242 0.1453287197231834 0.11180795847750866
0 0.9393021914648213 0.841371107266436 0.12081891580161477 0.19398788927335642
