0 0.2246251441753172 0.03546712802768166 0.3489042675893887 0.026816608996539794
0 0.8327566320645906 0.051686851211072665 0.040369088811995385 0.016003460207612456
0 0.24711649365628605 0.10358996539792388 0.4019607843137255 0.11115916955017302
0 0.6678200692041523 0.11656574394463669 0.3875432525951557 0.10942906574394463
1 0.4476643598615917 0.30222750865051906 0.6046712802768166 0.28179065743944637
0 0.4581891580161476 0.4859429065743945 0.831603229527105 0.08434256055363322
0 0.06026528258362169 0.5387110726643599 0.03748558246828143 0.019463667820069204
0 0.6711361014994233 0.5563365051903114 0.4022491349480969 0.057742214532871976
0 0.10769896193771626 0.5657439446366782 0.12485582468281431 0.025951557093425608
0 0.5070645905420992 0.5991565743944637 0.07583621683967705 0.017949826989619378
0 0.2432237600922722 0.7617863321799309 0.40570934256055363 0.3618079584775087
0 0.6696943483275664 0.7704368512110726 0.3970588235294118 0.3142301038062284
