0 0.6978085351787774 0.050389273356401386 0.27162629757785467 0.021626297577854673
3 0.467560553633218 0.09288494809688581 0.2840253748558247 0.037413494809688586
3 0.47145328719723184 0.18695934256055363 0.513840830449827 0.0893166089965398
3 0.4726066897347174 0.27941176470588236 0.3373702422145329 0.04282006920415225
3 0.29123414071510956 0.3580233564013841 0.3223760092272203 0.044333910034602075
3 0.504325259515571 0.4302551903114187 0.657439446366782 0.09147923875432526
3 0.4750576701268743 0.539143598615917 0.6150519031141869 0.043252595155709346
3 0.47102076124567477 0.6221885813148789 0.5637254901960784 0.05363321799307959
3 0.47606689734717417 0.7097750865051903 0.1787773933102653 0.04368512110726644
3 0.6098615916955018 0.7791955017301039 0.10899653979238755 0.030276816608996542
3 0.4750576701268743 0.8176903114186852 0.12889273356401384 0.03460207612456748
3 0.5716551326412919 0.853265570934256 0.1058246828143022 0.03784602076124568
3 0.4793829296424452 0.8930579584775087 0.16637831603229528 0.0361159169550173
0 0.2753748558246828 0.12532439446366783 0.35409457900807384 0.028762975778546713
0 0.191320645905421 0.2480536332179931 0.18886966551326415 0.0263840830449827
0 0.2296712802768166 0.318014705882353 0.20617070357554787 0.02703287197231834
0 0.13552479815455595 0.4967560553633218 0.10322952710495964 0.02768166089965398
0 0.15282583621683968 0.579476643598616 0.13610149942329874 0.0231401384083045
0 0.4602076124567474 0.668901384083045 0.6949250288350635 0.028114186851211073
0 0.330161476355248 0.7793036332179931 0.4463667820069204 0.02703287197231834
0 0.6797866205305652 0.7757352941176471 0.023933102652825836 0.02119377162629758
0 0.31257208765859285 0.8566176470588236 0.4152249134948097 0.028114186851211073
0 0.6434544405997693 0.8519679930795848 0.0331603229527105 0.022275086505190313
0 0.1578719723183391 0.9257136678200693 0.1767589388696655 0.029195501730103806
0 0.8477508650519031 0.96875 0.061130334486735875 0.0231401384083045
