0 0.6963667820069205 0.022058823529411766 0.22260668973471742 0.02422145328719723
0 0.8574106113033448 0.025843425605536333 0.018742791234140715 0.020112456747404844
1 0.826845444059977 0.02422145328719723 0.03835063437139562 0.032871972318339104
0 0.07857554786620531 0.04801038062283737 0.04123414071510957 0.02119377162629758
0 0.8352076124567475 0.09721020761245674 0.056228373702422146 0.020977508650519033
0 0.459919261822376 0.12478373702422146 0.8125720876585929 0.045847750865051905
0 0.21986735870818916 0.1745242214532872 0.26038062283737023 0.015570934256055364
0 0.4483852364475202 0.1777681660899654 0.1839677047289504 0.022058823529411766
0 0.7550461361014994 0.18879757785467127 0.18021914648212226 0.021626297577854673
0 0.8422722029988466 0.2118295847750865 0.060553633217993084 0.022275086505190313
0 0.07828719723183392 0.2191825259515571 0.06487889273356402 0.01838235294117647
0 0.09414648212226068 0.28319636678200694 0.11389850057670127 0.024437716262975778
0 0.8438581314878894 0.2658953287197232 0.05334486735870819 0.0231401384083045
0 0.8434256055363322 0.33023356401384085 0.06286043829296424 0.01773356401384083
0 0.21453287197231835 0.3518598615916955 0.3575547866205306 0.022058823529411766
0 0.8408304498269896 0.39435553633217996 0.06343713956170703 0.020544982698961937
0 0.16753171856978086 0.41836072664359863 0.2825836216839677 0.020977508650519033
0 0.8491926182237601 0.4607482698961938 0.05709342560553633 0.022707612456747406
0 0.4603517877739331 0.5137326989619377 0.12831603229527105 0.02703287197231834
0 0.39215686274509803 0.5813148788927336 0.6839677047289504 0.07136678200692041
0 0.21554209919261824 0.7851427335640139 0.21424452133794694 0.02487024221453287
0 0.7089100346020761 0.7841695501730104 0.20328719723183392 0.02378892733564014
0 0.44333910034602075 0.8871107266435987 0.8699538638985006 0.16392733564013842
0 0.8451557093425606 0.9811851211072664 0.03748558246828143 0.015570934256055364
1 0.21727220299884661 0.6967993079584776 0.3359284890426759 0.1518166089965398
1 0.7028546712802768 0.6995025951557093 0.2817185697808535 0.1420847750865052
3 0.4581891580161476 0.4578287197231834 0.41234140715109574 0.058823529411764705
3 0.4560265282583622 0.3866782006920415 0.20040369088811996 0.04757785467128028
3 0.461361014994233 0.32482698961937717 0.17935409457900808 0.050173010380622836
3 0.4591983852364475 0.254757785467128 0.11447520184544406 0.03892733564013841
3 0.45847750865051906 0.20371972318339102 0.15916955017301038 0.030709342560553635
3 0.4610726643598616 0.15808823529411764 0.16724336793540948 0.02378892733564014
3 0.461361014994233 0.08445069204152249 0.16089965397923875 0.044333910034602075
