0 0.24913494809688583 0.043036332179930796 0.44405997693194926 0.021626297577854673
0 0.7698961937716263 0.046280276816609 0.066320645905421 0.016435986159169552
0 0.2308246828143022 0.1367863321799308 0.382641291810842 0.15722318339100347
0 0.6404267589388697 0.22577854671280279 0.4002306805074971 0.3352076124567474
0 0.22217416378316032 0.37640570934256057 0.40570934256055363 0.05125432525951557
0 0.4456459054209919 0.5819636678200693 0.4299307958477509 0.028114186851211073
0 0.22303921568627452 0.6496539792387543 0.41897347174163785 0.09429065743944637
0 0.6807958477508651 0.7563797577854672 0.45790080738177624 0.3280709342560554
0 0.21885813148788927 0.8951124567474049 0.4354094579008074 0.06790657439446367
0 0.45660322952710497 0.93155276816609 0.08275663206459054 0.020977508650519033
1 0.22549019607843138 0.28168252595155713 0.26066897347174167 0.1355968858131488
1 0.4476643598615917 0.48248269896193774 0.8641868512110726 0.16219723183391005
1 0.22029988465974626 0.7834126297577855 0.28835063437139563 0.16284602076124569
