0 0.7288062283737025 0.10369809688581315 0.42301038062283736 0.12694636678200694
0 0.32006920415224915 0.1395977508650519 0.2185697808535179 0.020544982698961937
0 0.296280276816609 0.15397923875432526 0.43454440599769323 0.019896193771626297
1 0.29801038062283736 0.07309688581314878 0.39936562860438296 0.10380622837370243
1 0.1848327566320646 0.1331098615916955 0.03748558246828143 0.02487024221453287
1 0.0331603229527105 0.16587370242214533 0.06574394463667821 0.3313148788927336
0 0.38494809688581316 0.19701557093425606 0.6020761245674741 0.05406574394463668
0 0.8207900807381776 0.26611159169550175 0.2436562860438293 0.18274221453287198
0 0.38422722029988465 0.2312932525951557 0.2644175317185698 0.020977508650519033
0 0.197520184544406 0.2869809688581315 0.2370242214532872 0.10337370242214533
0 0.5038927335640139 0.32623269896193774 0.35957324106113037 0.1676038062283737
0 0.3777393310265283 0.4302551903114187 0.12629757785467127 0.033953287197231834
0 0.191320645905421 0.34180363321799306 0.06199538638985006 0.016219723183391006
0 0.18526528258362168 0.46464100346020765 0.23558246828143023 0.2324826989619377
0 0.7468281430219147 0.3632136678200692 0.049596309111880045 0.011461937716262976
0 0.822520184544406 0.4870242214532872 0.252883506343714 0.2296712802768166
1 0.5648788927335641 0.4297145328719723 0.2306805074971165 0.0393598615916955
1 0.43901384083044986 0.5808823529411765 0.23269896193771628 0.1189446366782007
0 0.5046136101499423 0.4985942906574395 0.35236447520184544 0.052984429065743945
0 0.6235582468281431 0.6398140138408305 0.11332179930795848 0.2324826989619377
0 0.4407439446366782 0.6982050173010381 0.2436562860438293 0.11353806228373703
0 0.8222318339100346 0.6897707612456747 0.23212226066897348 0.14424740484429066
0 0.14806805074971166 0.6175389273356402 0.197520184544406 0.05082179930795848
0 0.16940599769319492 0.7787629757785467 0.2546136101499423 0.2616782006920415
1 0.165080738177624 0.9341479238754326 0.2517301038062284 0.04476643598615917
1 0.01787773933102653 0.7148572664359861 0.03575547866205306 0.48767301038062283
0 0.45775663206459055 0.7822231833910035 0.2759515570934256 0.019896193771626297
0 0.5651672433679354 0.816068339100346 0.48500576701268744 0.044333910034602075
0 0.49812572087658596 0.89435553633218 0.3699538638985006 0.12218858131487889
0 0.7533160322952711 0.8800821799307958 0.12024221453287198 0.08369377162629758
0 0.8794694348327566 0.8498053633217993 0.11303344867358708 0.1477076124567474
0 0.8078143021914649 0.9368512110726643 0.22347174163783162 0.025519031141868515
0 0.5730968858131488 0.9652897923875433 0.5614186851211073 0.016219723183391006
0 0.19362745098039216 0.965181660899654 0.15426758938869667 0.00865051903114187
