0 0.6670991926182238 0.05341695501730104 0.2840253748558247 0.0263840830449827
3 0.45126874279123413 0.08801903114186851 0.31949250288350634 0.030709342560553635
3 0.4534313725490196 0.11753892733564014 0.4893310265282584 0.029195501730103806
3 0.4531430219146482 0.17484861591695502 0.36764705882352944 0.052984429065743945
3 0.455161476355248 0.24210640138408304 0.11966551326412918 0.037413494809688586
0 0.24913494809688583 0.13992214532871972 0.31718569780853517 0.01903114186851211
0 0.12442329873125721 0.2094506920415225 0.07064590542099193 0.02487024221453287
0 0.4573241061130335 0.29725346020761245 0.7410611303344867 0.07936851211072665
1 0.290080738177624 0.45350346020761245 0.22779700115340254 0.14749134948096887
1 0.6146193771626298 0.43695934256055363 0.20328719723183392 0.17841695501730104
0 0.26672433679354096 0.5443339100346021 0.02825836216839677 0.01903114186851211
0 0.5831891580161477 0.5448745674740485 0.03835063437139562 0.024437716262975778
0 0.45963091118800464 0.5778546712802768 0.08650519031141869 0.023356401384083045
0 0.452277970011534 0.6398140138408305 0.7828719723183392 0.08109861591695502
3 0.45703575547866204 0.6924740484429066 0.20818915801614765 0.023356401384083045
3 0.45775663206459055 0.7459991349480969 0.13927335640138408 0.0231401384083045
0 0.368800461361015 0.7205882352941176 0.6170703575547867 0.030709342560553635
0 0.22635524798154558 0.8067690311418685 0.24567474048442908 0.031358131487889275
0 0.4560265282583622 0.8851643598615917 0.8001730103806228 0.09083044982698962
0 0.8095444059976932 0.9490700692041523 0.06430219146482122 0.020544982698961937
