0 0.6823817762399077 0.04606401384083045 0.2177047289504037 0.021626297577854673
3 0.3770184544405998 0.10834775086505191 0.12024221453287198 0.06271626297577855
3 0.49639561707035756 0.10694204152249136 0.09083044982698962 0.020977508650519033
3 0.3546712802768166 0.20155709342560554 0.16666666666666669 0.06963667820069204
3 0.529123414071511 0.19831314878892733 0.11303344867358708 0.04498269896193772
0 0.2583621683967705 0.1534385813148789 0.41234140715109574 0.024437716262975778
1 0.2116493656286044 0.33423442906574397 0.15570934256055363 0.17409169550173012
1 0.6066897347174164 0.33261245674740486 0.21337946943483277 0.17301038062283738
0 0.22058823529411764 0.4383650519031142 0.08304498269896193 0.02768166089965398
0 0.6059688581314879 0.4367430795847751 0.09371395617070358 0.025302768166089964
0 0.26672433679354096 0.4970804498269896 0.37543252595155713 0.02487024221453287
0 0.428921568627451 0.5605536332179931 0.7920991926182238 0.054498269896193774
3 0.42416378316032294 0.6019679930795848 0.16147635524798154 0.02703287197231834
0 0.7915224913494809 0.597318339100346 0.08131487889273356 0.025519031141868515
0 0.4282006920415225 0.7257785467128028 0.8310265282583622 0.22491349480968859
3 0.43757208765859285 0.8644031141868512 0.1652249134948097 0.05795847750865052
0 0.43180507497116494 0.9246323529411765 0.8341983852364475 0.05947231833910035
0 0.8030565167243369 0.9728589965397925 0.061130334486735875 0.022707612456747406
