0 0.7201557093425606 0.055255190311418685 0.17964244521337946 0.022707612456747406
0 0.856401384083045 0.058823529411764705 0.0196078431372549 0.02119377162629758
1 0.8279988465974626 0.05687716262975779 0.036043829296424454 0.028114186851211073
1 0.47621107266435986 0.3109861591695502 0.2696078431372549 0.04757785467128028
1 0.27970011534025374 0.6207828719723184 0.26874279123414074 0.1870674740484429
1 0.6199538638985006 0.6216479238754326 0.3408304498269896 0.17798442906574394
0 0.15498846597462515 0.0791522491349481 0.10005767012687428 0.02378892733564014
0 0.17546136101499424 0.1534385813148789 0.13408304498269896 0.020112456747404844
0 0.8429930795847751 0.2094506920415225 0.05334486735870819 0.02487024221453287
0 0.4700115340253749 0.25919117647058826 0.7935409457900807 0.07028546712802769
0 0.19492502883506344 0.35834775086505194 0.2595155709342561 0.02768166089965398
0 0.47029988465974626 0.43652681660899656 0.8044982698961938 0.1092128027681661
0 0.2722029988465975 0.5021626297577855 0.3431372549019608 0.022058823529411766
3 0.4764994232987313 0.12153979238754326 0.07583621683967705 0.05147058823529412
3 0.47895040369088815 0.19831314878892733 0.09803921568627451 0.05579584775086505
0 0.2908016147635525 0.7333477508650519 0.07352941176470588 0.021626297577854673
0 0.6267301038062284 0.7257785467128028 0.05334486735870819 0.021626297577854673
0 0.47029988465974626 0.7584342560553633 0.2825836216839677 0.02119377162629758
0 0.48875432525951557 0.7894679930795848 0.7895040369088813 0.031358131487889275
0 0.5154267589388697 0.834666955017301 0.23558246828143023 0.0231401384083045
0 0.5193194925028836 0.8914359861591695 0.10092272202998846 0.0263840830449827
0 0.8597174163783161 0.9276600346020761 0.04469434832756632 0.0231401384083045
0 0.8422722029988466 0.9779411764705883 0.043252595155709346 0.022058823529411766
3 0.34746251441753173 0.8393166089965398 0.0784313725490196 0.056228373702422146
3 0.4176758938869666 0.893598615916955 0.06199538638985006 0.05233564013840831
3 0.4815455594002307 0.9487456747404844 0.11591695501730104 0.05579584775086505
