1 0.2642733564013841 0.03795415224913495 0.4397347174163783 0.0759083044982699
1 0.5986159169550174 0.024653979238754325 0.1903114186851211 0.04930795847750865
1 0.12687427912341406 0.079909169550173 0.040945790080738176 0.027465397923875434
0 0.27753748558246827 0.08261245674740485 0.2517301038062284 0.02119377162629758
0 0.603085351787774 0.08012543252595156 0.20040369088811996 0.05730968858131488
0 0.2549019607843137 0.10207612456747406 0.4901960784313726 0.013408304498269897
0 0.3546712802768166 0.14132785467128028 0.6580161476355249 0.05514705882352941
0 0.3777393310265283 0.17993079584775087 0.35121107266435986 0.025519031141868515
1 0.17993079584775087 0.27703287197231835 0.3431372549019608 0.1708477508650519
1 0.6242791234140715 0.45371972318339104 0.1447520184544406 0.07569204152249136
0 0.38422722029988465 0.27616782006920415 0.06257208765859285 0.16176470588235295
0 0.5694925028835064 0.30125432525951557 0.279123414071511 0.2227508650519031
0 0.07468281430219147 0.4311202422145329 0.13552479815455595 0.13083910034602075
0 0.21914648212226068 0.4305795847750865 0.13494809688581316 0.12975778546712805
0 0.36014994232987313 0.3929498269896194 0.12687427912341406 0.050173010380622836
0 0.4282006920415225 0.4529628027681661 0.2445213379469435 0.05125432525951557
0 0.7962802768166091 0.19669117647058823 0.16291810841983853 0.3929498269896194
0 0.9205594002306805 0.1899870242214533 0.09140715109573241 0.3795415224913495
0 0.8589965397923875 0.45588235294117646 0.2710495963091119 0.1254325259515571
0 0.1395617070357555 0.6121323529411765 0.2710495963091119 0.2000432525951557
0 0.13725490196078433 0.7897923875432526 0.27393310265282583 0.15095155709342561
0 0.14013840830449828 0.9336072664359862 0.2768166089965398 0.1323529411764706
0 0.5024509803921569 0.5313581314878892 0.41320645905420994 0.03633217993079585
0 0.5017301038062284 0.5562283737024222 0.35236447520184544 0.015570934256055364
0 0.3575547866205306 0.6414359861591695 0.14186851211072665 0.15354671280276816
0 0.5749711649365629 0.7000432525951558 0.2508650519031142 0.019896193771626297
0 0.5749711649365629 0.6265138408304498 0.27393310265282583 0.12283737024221454
0 0.865484429065744 0.5994809688581315 0.2684544405997693 0.14230103806228375
0 0.8662053056516724 0.6930147058823529 0.2537485582468281 0.030925605536332182
0 0.5781430219146483 0.7454584775086506 0.48961937716262977 0.01903114186851211
0 0.5771337946943483 0.7775735294117647 0.5406574394463668 0.044333910034602075
0 0.5064878892733564 0.8911115916955018 0.4108996539792388 0.18274221453287198
0 0.7910899653979239 0.8652681660899654 0.12831603229527105 0.1319204152249135
0 0.927479815455594 0.828719723183391 0.11678200692041522 0.20717993079584776
1 0.8510668973471742 0.944204152249135 0.20617070357554787 0.02378892733564014
0 0.8496251441753172 0.9662629757785467 0.2494232987312572 0.012975778546712804
0 0.6257208765859285 0.9949178200692042 0.5501730103806228 0.009731833910034602
