0 0.22260668973471742 0.09061418685121107 0.3448673587081892 0.022923875432525952
1 0.22923875432525953 0.23118512110726644 0.24336793540945792 0.26686851211072665
1 0.632641291810842 0.41760380622837373 0.3500576701268743 0.3352076124567474
1 0.2308246828143022 0.5905060553633218 0.35380622837370246 0.32071799307958476
1 0.6361014994232987 0.748810553633218 0.25893886966551327 0.14121972318339102
0 0.7727797001153403 0.09385813148788928 0.060553633217993084 0.015138408304498271
0 0.6287485582468282 0.1741998269896194 0.3751441753171857 0.14554498269896193
0 0.22549019607843138 0.3977076124567474 0.38523644752018454 0.0592560553633218
0 0.6369665513264129 0.6286764705882353 0.3973471741637832 0.08434256055363322
0 0.2308246828143022 0.8482915224913495 0.38437139561707034 0.18879757785467127
0 0.6153402537485583 0.8363970588235294 0.342560553633218 0.0296280276816609
0 0.49942329873125724 0.8719723183391004 0.10841983852364476 0.01730103806228374
0 0.632641291810842 0.9070069204152249 0.3886966551326413 0.03546712802768166
