1 0.4473760092272203 0.189878892733564 0.45126874279123413 0.2768166089965398
0 0.44694348327566324 0.3450475778546713 0.26009227220299885 0.02487024221453287
0 0.4455017301038062 0.4362024221453287 0.8137254901960784 0.138840830449827
0 0.13451557093425606 0.5196799307958477 0.12254901960784315 0.021626297577854673
0 0.20328719723183392 0.542711937716263 0.2647058823529412 0.024437716262975778
3 0.4455017301038062 0.5675821799307958 0.1724336793540946 0.024437716262975778
3 0.5053344867358708 0.6034818339100346 0.16349480968858132 0.04649653979238755
0 0.22246251441753173 0.6021842560553633 0.39936562860438296 0.022275086505190313
0 0.7237600922722031 0.603265570934256 0.24740484429065746 0.025302768166089964
0 0.37918108419838525 0.6351643598615917 0.71280276816609 0.02119377162629758
0 0.435121107266436 0.7124783737024222 0.8333333333333334 0.12478373702422146
0 0.13148788927335642 0.7883866782006921 0.14705882352941177 0.022707612456747406
0 0.4346885813148789 0.8222318339100346 0.8457324106113033 0.04930795847750865
0 0.27277970011534025 0.8725129757785467 0.4411764705882353 0.04909169550173011
0 0.14777970011534025 0.9119809688581315 0.19405997693194926 0.023356401384083045
0 0.4541522491349481 0.9287413494809689 0.8079584775086506 0.020112456747404844
0 0.9054209919261823 0.8573745674740485 0.04382929642445214 0.020112456747404844
0 0.9058535178777394 0.9103589965397925 0.030276816608996542 0.059039792387543255
0 0.8193483275663207 0.9700475778546713 0.12831603229527105 0.01838235294117647
