1 0.10813148788927336 0.004433391003460208 0.15916955017301038 0.008866782006920416
1 0.8899942329873126 0.015570934256055364 0.021626297577854673 0.01773356401384083
0 0.8538062283737025 0.003568339100346021 0.08362168396770474 0.007136678200692042
0 0.8383794694348328 0.014273356401384083 0.08275663206459054 0.019463667820069204
0 0.4736159169550173 0.008217993079584776 0.11043829296424452 0.010813148788927337
0 0.06199538638985006 0.023680795847750867 0.06286043829296424 0.011461937716262976
0 0.4032583621683968 0.030709342560553635 0.2753748558246828 0.01903114186851211
0 0.40037485582468285 0.05590397923875433 0.46568627450980393 0.03352076124567474
1 0.7097750865051903 0.13527249134948097 0.11966551326412918 0.12435121107266436
0 0.8761534025374856 0.04930795847750865 0.056228373702422146 0.012975778546712804
0 0.85020184544406 0.07558391003460208 0.11678200692041522 0.037413494809688586
0 0.8575547866205306 0.12802768166089964 0.12687427912341406 0.06963667820069204
0 0.7148212226066898 0.21042387543252597 0.11245674740484429 0.028114186851211073
0 0.7168396770472896 0.2804930795847751 0.14705882352941177 0.10856401384083045
0 0.5622837370242215 0.20285467128027682 0.15628604382929642 0.2616782006920415
0 0.4029700115340254 0.20404411764705882 0.14792387543252597 0.2670847750865052
0 0.24870242214532873 0.20480103806228375 0.14792387543252597 0.2655709342560554
0 0.09414648212226068 0.2058823529411765 0.15138408304498271 0.27076124567474047
0 0.8693771626297578 0.27076124567474047 0.13783160322952712 0.2179930795847751
0 0.8927335640138409 0.5008650519031143 0.15282583621683968 0.24221453287197234
0 0.9025374855824683 0.710856401384083 0.1389850057670127 0.17690311418685123
0 0.9111880046136102 0.8400735294117647 0.11880046136101499 0.03827854671280277
1 0.9108996539792388 0.9092776816608997 0.12975778546712805 0.06769031141868512
0 0.9083044982698962 0.9665873702422145 0.1320645905420992 0.03525086505190311
1 0.08751441753171857 0.41922577854671284 0.131199538638985 0.13732698961937717
0 0.21381199538638987 0.3570501730103806 0.056228373702422146 0.012975778546712804
0 0.7194348327566321 0.36072664359861595 0.12918108419838525 0.021626297577854673
0 0.40657439446366783 0.37921712802768165 0.408881199538639 0.029195501730103806
0 0.24653979238754326 0.5131920415224913 0.14936562860438293 0.21193771626297578
0 0.0857843137254902 0.5051903114186851 0.13350634371395617 0.03243944636678201
0 0.08290080738177624 0.5778546712802768 0.16061130334486737 0.09688581314878893
0 0.4077277970011534 0.5099480968858132 0.15570934256055363 0.21193771626297578
0 0.5702133794694348 0.5108131487889274 0.15657439446366783 0.21237024221453288
0 0.7335640138408305 0.49264705882352944 0.15859284890426759 0.24221453287197234
0 0.038494809688581315 0.6416522491349481 0.06199538638985006 0.012543252595155709
0 0.15974625144175317 0.6743079584775087 0.2970011534025375 0.043252595155709346
0 0.4084486735870819 0.6614403114186851 0.16003460207612458 0.06596020761245674
0 0.6290369088811996 0.6686851211072664 0.23500576701268744 0.03503460207612457
0 0.07453863898500578 0.851643598615917 0.14850057670126876 0.296280276816609
0 0.24005190311418687 0.8505622837370242 0.16810841983852365 0.2984429065743945
0 0.4094579008073818 0.8494809688581315 0.16493656286043828 0.30060553633217996
0 0.5798731257208766 0.8471020761245674 0.16147635524798154 0.305363321799308
0 0.7439446366782008 0.8166089965397925 0.16205305651672433 0.24870242214532873
1 0.7479815455594002 0.9676686851211073 0.15570934256055363 0.05125432525951557
