0 0.24567474048442908 0.11224048442906574 0.3933102652825836 0.1327854671280277
0 0.8019031141868512 0.0689878892733564 0.05767012687427912 0.01730103806228374
1 0.6534025374855825 0.2203719723183391 0.3050749711649366 0.29411764705882354
1 0.2432237600922722 0.24416089965397925 0.2690311418685121 0.13408304498269896
0 0.2378892733564014 0.4250648788927336 0.41810841983852365 0.23507785467128028
0 0.6725778546712803 0.45642301038062283 0.4068627450980392 0.18230968858131488
3 0.24610726643598616 0.5693122837370242 0.41320645905420994 0.05471453287197232
0 0.6965109573241062 0.7480536332179931 0.45299884659746253 0.38624567474048443
0 0.23933102652825836 0.7563797577854672 0.44405997693194926 0.3250432525951557
3 0.2436562860438293 0.9420415224913495 0.42387543252595156 0.04757785467128028
