1 0.11361014994232987 0.002487024221453287 0.10380622837370243 0.004974048442906574
1 0.9181084198385236 0.02605968858131488 0.01730103806228374 0.014057093425605537
1 0.7461072664359861 0.04314446366782007 0.03258362168396771 0.020977508650519033
0 0.5125432525951558 0.01059688581314879 0.14907727797001155 0.02119377162629758
0 0.7893598615916956 0.023680795847750867 0.22866205305651674 0.0231401384083045
0 0.8833621683967705 0.010164359861591695 0.09948096885813149 0.013408304498269897
0 0.3752883506343714 0.05233564013840831 0.5867935409457901 0.054498269896193774
0 0.7958477508650519 0.047469723183391 0.052479815455594006 0.020112456747404844
0 0.779555940023068 0.0974264705882353 0.13696655132641292 0.07677335640138408
0 0.9035467128027682 0.21939878892733564 0.0591118800461361 0.36267301038062283
0 0.37990196078431376 0.09807525951557093 0.5631487889273357 0.035683391003460206
0 0.20660322952710497 0.1534385813148789 0.2984429065743945 0.05990484429065744
1 0.5351787773933103 0.21345155709342561 0.31430219146482125 0.1704152249134948
0 0.7970011534025375 0.28016868512110726 0.17012687427912343 0.2757352941176471
0 0.8424163783160323 0.609537197231834 0.25230680507497116 0.3838667820069204
0 0.8878316032295271 0.8881920415224914 0.12975778546712805 0.14230103806228375
1 0.7662918108419838 0.8890570934256056 0.10755478662053057 0.14922145328719724
1 0.5831891580161477 0.9536115916955018 0.0395040369088812 0.025302768166089964
0 0.6343713956170703 0.9525302768166091 0.05536332179930796 0.022275086505190313
0 0.6228373702422145 0.7808174740484429 0.16205305651672433 0.3125
0 0.4332468281430219 0.5657439446366782 0.0856401384083045 0.012975778546712804
0 0.5382064590542099 0.581098615916955 0.1859861591695502 0.013408304498269897
0 0.5377739331026529 0.6059688581314879 0.2704728950403691 0.0263840830449827
0 0.4560265282583622 0.7976859861591695 0.16003460207612458 0.34493944636678203
0 0.07785467128027682 0.9087370242214533 0.05997693194925029 0.013408304498269897
0 0.2789792387543253 0.9092776816608997 0.10467128027681662 0.009299307958477509
0 0.125 0.9204152249134948 0.08794694348327567 0.012975778546712804
0 0.19492502883506344 0.9136029411764706 0.05478662053056517 0.013624567474048443
0 0.20285467128027682 0.956098615916955 0.33881199538638984 0.060553633217993084
0 0.20285467128027682 0.5695285467128027 0.3042099192618224 0.05082179930795848
0 0.20184544405997693 0.7449178200692042 0.33391003460207613 0.289143598615917
0 0.5420991926182238 0.42939013840830453 0.317762399077278 0.2562716262975779
0 0.20328719723183392 0.3615916955017301 0.33217993079584773 0.356401384083045
