1 0.062427912341407155 0.005190311418685121 0.09371395617070358 0.010380622837370242
0 0.44622260668973474 0.005298442906574395 0.07987312572087658 0.008001730103806228
0 0.7785467128027682 0.004433391003460208 0.12918108419838525 0.008866782006920416
1 0.8523644752018454 0.0055147058823529415 0.020184544405997693 0.011029411764705883
0 0.29483852364475205 0.033953287197231834 0.4622260668973472 0.0263840830449827
0 0.657439446366782 0.08996539792387544 0.1447520184544406 0.14922145328719724
0 0.2944059976931949 0.109969723183391 0.5680507497116494 0.11786332179930796
0 0.7897923875432526 0.0344939446366782 0.05478662053056517 0.012326989619377162
1 0.7494232987312572 0.03471020761245675 0.025951557093425608 0.016219723183391006
0 0.8153114186851211 0.12262110726643599 0.14792387543252597 0.15527681660899653
0 0.831603229527105 0.2850346020761246 0.15570934256055363 0.16652249134948097
0 0.8460207612456747 0.45188148788927335 0.1643598615916955 0.16500865051903116
0 0.860726643598616 0.6305147058823529 0.16666666666666669 0.18490484429065746
0 0.8737024221453288 0.8438581314878894 0.15513264129181084 0.21669550173010382
0 0.7117935409457901 0.8777032871972319 0.15426758938869667 0.1546280276816609
0 0.5507497116493656 0.8827854671280277 0.15513264129181084 0.15614186851211073
0 0.39114763552479814 0.8857050173010381 0.14561707035755478 0.1546280276816609
0 0.2296712802768166 0.8898140138408305 0.15715109573241062 0.15722318339100347
0 0.47029988465974626 0.7760596885813149 0.461361014994233 0.052984429065743945
0 0.07136678200692041 0.7833044982698962 0.14215686274509803 0.4039792387543253
0 0.6797866205305652 0.46139705882352944 0.14215686274509803 0.18274221453287198
0 0.6891580161476355 0.6405709342560554 0.14763552479815456 0.17690311418685123
0 0.6672433679354095 0.3048226643598616 0.1384083044982699 0.13040657439446368
0 0.4472318339100346 0.21053200692041524 0.5507497116493656 0.052984429065743945
1 0.4505478662053057 0.3235294117647059 0.27306805074971163 0.15354671280276816
1 0.17690311418685123 0.2594074394463668 0.027393310265282585 0.017949826989619378
1 0.025519031141868515 0.18663494809688583 0.027393310265282585 0.01730103806228374
0 0.06776239907727798 0.18479671280276816 0.05709342560553633 0.011461937716262976
0 0.22130911188004615 0.2580017301038062 0.06141868512110727 0.015138408304498271
0 0.07641291810841984 0.38862456747404844 0.1389850057670127 0.3672145328719723
0 0.2306805074971165 0.5054065743944637 0.13783160322952712 0.4623702422145329
0 0.38422722029988465 0.573529411764706 0.15080738177623992 0.32612456747404844
0 0.533881199538639 0.5689878892733564 0.15138408304498271 0.3243944636678201
