0 0.1375432525951557 0.07980103806228374 0.16897347174163785 0.021626297577854673
0 0.26297577854671284 0.08380190311418685 0.08189158016147635 0.017949826989619378
0 0.38610149942329874 0.09602076124567474 0.1643598615916955 0.02249134948096886
0 0.7141003460207612 0.10575259515570934 0.06257208765859285 0.014273356401384083
0 0.20775663206459055 0.2899005190311419 0.382641291810842 0.39424740484429066
0 0.5942906574394464 0.2934688581314879 0.36562860438292966 0.3698096885813149
0 0.6532583621683968 0.5537413494809689 0.2799884659746252 0.10748269896193773
0 0.2538927335640139 0.5246539792387543 0.2903690888119954 0.056228373702422146
1 0.05723760092272203 0.5480103806228374 0.09140715109573241 0.09731833910034603
1 0.46337946943483277 0.549848615916955 0.09803921568627451 0.09666955017301038
