1 0.2309688581314879 0.08639705882352941 0.3835063437139562 0.09796712802768166
1 0.1254325259515571 0.14554498269896193 0.03690888119953864 0.021626297577854673
1 0.2840253748558247 0.25421712802768165 0.3050749711649366 0.1481401384083045
0 0.6358131487889274 0.07612456747404844 0.37831603229527105 0.05363321799307959
0 0.6440311418685122 0.16425173010380623 0.396482122260669 0.12608131487889274
0 0.6506632064590542 0.3201773356401384 0.39359861591695505 0.16327854671280279
0 0.23284313725490197 0.16208910034602075 0.41320645905420994 0.01448961937716263
0 0.08001730103806229 0.3657006920415225 0.08737024221453288 0.3741349480968858
0 0.18930219146482122 0.4532871972318339 0.11389850057670127 0.2054498269896194
0 0.3496251441753172 0.5072448096885813 0.1911764705882353 0.32331314878892736
0 0.18814878892733564 0.33564013840830453 0.08737024221453288 0.01124567474048443
0 0.4147923875432526 0.3345588235294118 0.04757785467128028 0.010380622837370242
0 0.14129181084198386 0.6169982698961938 0.22145328719723184 0.12110726643598617
0 0.1247116493656286 0.6951773356401384 0.18656286043829298 0.04476643598615917
1 0.33333333333333337 0.6933391003460208 0.22202998846597463 0.03676470588235294
0 0.657439446366782 0.4859429065743945 0.4013840830449827 0.14662629757785467
0 0.5046136101499423 0.5727724913494809 0.05420991926182238 0.009731833910034602
0 0.6598904267589389 0.6481401384083045 0.40513264129181087 0.13148788927335642
0 0.3092560553633218 0.8171496539792388 0.5343137254901961 0.17409169550173012
0 0.10207612456747406 0.9100346020761246 0.12687427912341406 0.015138408304498271
0 0.725634371395617 0.8132569204152249 0.27249134948096887 0.17192906574394465
0 0.7417820069204153 0.9065743944636678 0.08852364475201846 0.009083044982698962
0 0.635524798154556 0.9078719723183392 0.08938869665513265 0.00865051903114187
0 0.4962514417531719 0.9125216262975779 0.14994232987312572 0.008001730103806228
0 0.33448673587081895 0.9173875432525952 0.14071510957324107 0.01124567474048443
0 0.2227508650519031 0.9227941176470589 0.05853517877739331 0.009083044982698962
0 0.14417531718569782 0.9282006920415226 0.061130334486735875 0.012543252595155709
