0 0.4332468281430219 0.1664143598615917 0.7719146482122261 0.21691176470588236
3 0.4320934256055363 0.2875216262975779 0.24077277970011535 0.024437716262975778
3 0.3837946943483276 0.317257785467128 0.1384083044982699 0.038494809688581315
0 0.7910899653979239 0.289143598615917 0.056228373702422146 0.022058823529411766
0 0.7893598615916956 0.32396193771626297 0.055651672433679356 0.02378892733564014
0 0.42964244521337946 0.37781141868512114 0.7808535178777394 0.09039792387543252
3 0.2684544405997693 0.45350346020761245 0.11534025374855825 0.06098615916955018
0 0.49740484429065746 0.4437716262975779 0.3033448673587082 0.02768166089965398
0 0.3662053056516724 0.4726427335640139 0.04671280276816609 0.020544982698961937
0 0.7936851211072664 0.45750432525951557 0.05853517877739331 0.020544982698961937
0 0.4253171856978086 0.5175173010380623 0.7906574394463668 0.07136678200692041
0 0.7982987312572087 0.5924524221453288 0.06199538638985006 0.020977508650519033
3 0.42964244521337946 0.5924524221453288 0.38408304498269896 0.07850346020761247
0 0.4231545559400231 0.7054498269896194 0.8197808535178778 0.1444636678200692
0 0.19535755478662054 0.7901167820069205 0.29209919261822376 0.02487024221453287
3 0.2169838523644752 0.8343425605536332 0.12889273356401384 0.05839100346020761
0 0.49091695501730104 0.8213667820069205 0.4028258362168397 0.025951557093425608
0 0.32107843137254904 0.8538062283737025 0.05334486735870819 0.021626297577854673
0 0.18713956170703577 0.8824610726643599 0.2825836216839677 0.022707612456747406
3 0.21510957324106114 0.9197664359861591 0.11245674740484429 0.056228373702422146
0 0.4870242214532872 0.9022491349480969 0.395040369088812 0.02119377162629758
0 0.31401384083044986 0.9373918685121108 0.051903114186851215 0.028762975778546713
0 0.8085351787773933 0.8303416955017301 0.049019607843137254 0.025302768166089964
0 0.8073817762399077 0.9163062283737025 0.06862745098039216 0.0263840830449827
0 0.8830738177623991 0.8625648788927336 0.036620530565167245 0.01838235294117647
0 0.886966551326413 0.920090830449827 0.03460207612456748 0.06639273356401384
0 0.7987312572087659 0.975454152249135 0.14071510957324107 0.02487024221453287
