0 0.697520184544406 0.03860294117647059 0.27393310265282583 0.02487024221453287
0 0.46741637831603233 0.09450692041522492 0.7410611303344867 0.06098615916955018
3 0.46929065743944637 0.14911332179930797 0.31516724336793545 0.0361159169550173
3 0.4620818915801615 0.23961937716262977 0.3468858131487889 0.043252595155709346
3 0.3558246828143022 0.28265570934256057 0.395040369088812 0.04282006920415225
3 0.46568627450980393 0.325151384083045 0.22260668973471742 0.04217128027681661
3 0.33333333333333337 0.17960640138408304 0.31430219146482125 0.02487024221453287
3 0.3758650519031142 0.3586721453287197 0.18021914648212226 0.02703287197231834
3 0.33924452133794697 0.435121107266436 0.4108996539792388 0.02422145328719723
3 0.4620818915801615 0.4610726643598616 0.2442329873125721 0.02422145328719723
3 0.46064013840830453 0.5494160899653979 0.2846020761245675 0.04865916955017301
3 0.4581891580161476 0.7841695501730104 0.21049596309111882 0.04541522491349481
3 0.45775663206459055 0.8332612456747405 0.20847750865051903 0.04974048442906574
0 0.13437139561707037 0.18155276816608998 0.08073817762399077 0.022275086505190313
0 0.2554786620530565 0.20566608996539792 0.23933102652825836 0.025951557093425608
0 0.1189446366782007 0.2799524221453287 0.07583621683967705 0.028762975778546713
0 0.582035755478662 0.2837370242214533 0.04757785467128028 0.0263840830449827
0 0.1773356401384083 0.3704584775086505 0.2110726643598616 0.051903114186851215
0 0.6581603229527105 0.35910467128027684 0.382641291810842 0.029195501730103806
0 0.4865916955017301 0.40971020761245674 0.736159169550173 0.028762975778546713
0 0.10308535178777394 0.4334991349480969 0.05968858131487889 0.024437716262975778
0 0.6401384083044983 0.4358780276816609 0.185121107266436 0.02487024221453287
0 0.4668396770472895 0.48486159169550175 0.7958477508650519 0.0263840830449827
0 0.0983275663206459 0.5102724913494809 0.05767012687427912 0.0231401384083045
0 0.8256920415224914 0.5475778546712803 0.07641291810841984 0.02422145328719723
0 0.3496251441753172 0.5946150519031143 0.5008650519031143 0.04173875432525952
0 0.28690888119953867 0.6465181660899654 0.3829296424452134 0.025302768166089964
0 0.45963091118800464 0.7148572664359861 0.8217993079584776 0.07893598615916955
0 0.8393886966551327 0.7825475778546713 0.07785467128027682 0.02487024221453287
0 0.8372260668973472 0.8303416955017301 0.07352941176470588 0.020112456747404844
