0 0.40729527104959634 0.024437716262975778 0.7084775086505191 0.048875432525951557
0 0.9032583621683968 0.04476643598615917 0.15657439446366783 0.04282006920415225
0 0.8513552479815456 0.005190311418685121 0.045271049596309114 0.010380622837370242
0 0.0392156862745098 0.06076989619377163 0.02883506343713956 0.010813148788927337
0 0.08607266435986159 0.15105968858131488 0.15138408304498271 0.1676038062283737
0 0.4075836216839677 0.1453287197231834 0.46568627450980393 0.1855536332179931
0 0.7240484429065744 0.14965397923875434 0.14705882352941177 0.18122837370242215
0 0.8437139561707035 0.0823961937716263 0.01730103806228374 0.012975778546712804
0 0.9137831603229527 0.30341695501730104 0.1718569780853518 0.42387543252595156
0 0.08102652825836217 0.3788927335640139 0.14994232987312572 0.2634083044982699
1 0.40614186851211076 0.3705666089965398 0.46280276816609 0.24545847750865052
0 0.6769031141868512 0.26535467128027684 0.04988465974625144 0.015570934256055364
0 0.7211649365628605 0.3845155709342561 0.14705882352941177 0.2097750865051903
0 0.19247404844290658 0.5111375432525952 0.0527681660899654 0.014057093425605537
0 0.07655709342560554 0.6262975778546713 0.1531141868512111 0.22058823529411764
0 0.4010957324106113 0.5232482698961938 0.16147635524798154 0.0166522491349481
0 0.40051903114186854 0.5513624567474049 0.45271049596309115 0.03308823529411765
0 0.39835640138408307 0.6517084775086506 0.47722029988465975 0.17409169550173012
0 0.7244809688581315 0.6211072664359861 0.15080738177623992 0.22750865051903116
0 0.8546712802768166 0.5335207612456747 0.049019607843137254 0.012543252595155709
0 0.9049884659746251 0.5659602076124568 0.15138408304498271 0.03503460207612457
0 0.9113321799307958 0.6618728373702423 0.1767589388696655 0.15030276816608998
1 0.04974048442906574 0.7795198961937716 0.08160322952710496 0.06120242214532872
1 0.9212802768166091 0.7851427335640139 0.09284890426758939 0.05730968858131488
1 0.25807381776239907 0.7814662629757786 0.3206459054209919 0.05947231833910035
0 0.6480680507497116 0.7884948096885813 0.43742791234140715 0.06271626297577855
0 0.131199538638985 0.9052768166089966 0.2502883506343714 0.17517301038062283
0 0.37946943483275664 0.9655060553633218 0.21914648212226068 0.050389273356401386
0 0.615916955017301 0.904628027681661 0.23356401384083045 0.16868512110726644
0 0.8499134948096886 0.9049524221453288 0.22577854671280279 0.17019896193771628
2 0.3762975778546713 0.8809472318339101 0.2243367935409458 0.11786332179930796
