0 0.1322087658592849 0.08153114186851211 0.1254325259515571 0.016868512110726645
0 0.3972029988465975 0.11288927335640139 0.5700692041522492 0.037197231833910036
0 0.4620818915801615 0.14046280276816608 0.711361014994233 0.018814878892733564
0 0.17272202998846597 0.16122404844290658 0.2306805074971165 0.01838235294117647
0 0.3186274509803922 0.189878892733564 0.4261822376009227 0.041089965397923874
0 0.42502883506343714 0.2215614186851211 0.657439446366782 0.024437716262975778
0 0.44333910034602075 0.26211072664359863 0.32208765859284894 0.025519031141868515
0 0.21914648212226068 0.3080666089965398 0.342560553633218 0.020977508650519033
0 0.4429065743944637 0.37543252595155713 0.8016147635524798 0.08650519031141869
0 0.23601499423298733 0.49210640138408307 0.3157439446366782 0.13732698961937717
0 0.1711361014994233 0.5756920415224913 0.1917531718569781 0.02119377162629758
0 0.46525374855824686 0.5962370242214533 0.7857554786620531 0.016868512110726645
0 0.08073817762399077 0.6243512110726643 0.11014994232987313 0.025519031141868515
0 0.334919261822376 0.6457612456747405 0.5320069204152249 0.019463667820069204
0 0.23543829296424454 0.7022058823529412 0.3359284890426759 0.07179930795847751
0 0.3099769319492503 0.7497837370242215 0.49250288350634375 0.01903114186851211
0 0.19607843137254902 0.7781141868512111 0.27162629757785467 0.02378892733564014
0 0.46929065743944637 0.828719723183391 0.8180507497116494 0.07179930795847751
0 0.32655709342560557 0.8846237024221454 0.6306228373702423 0.02487024221453287
0 0.1845444059976932 0.922469723183391 0.35986159169550175 0.031358131487889275
0 0.23284313725490197 0.964424740484429 0.3682237600922722 0.020112456747404844
0 0.9345444059976932 0.8787846020761246 0.03748558246828143 0.022707612456747406
0 0.9400230680507498 0.9390138408304498 0.03690888119953864 0.0666089965397924
1 0.8636101499423299 0.9943771626297578 0.12168396770472896 0.010813148788927337
