0 0.7028546712802768 0.04606401384083045 0.17387543252595156 0.02378892733564014
0 0.8383794694348328 0.04833477508650519 0.022202998846597464 0.020544982698961937
0 0.45271049596309115 0.11829584775086506 0.7964244521337948 0.12716262975778547
0 0.2587946943483276 0.37856833910034604 0.07698961937716263 0.01838235294117647
0 0.6084198385236448 0.382136678200692 0.08131487889273356 0.016868512110726645
0 0.4682814302191465 0.4102508650519031 0.2364475201845444 0.022058823529411766
0 0.4602076124567474 0.5416306228373703 0.8131487889273357 0.2212370242214533
0 0.223760092272203 0.6780925605536332 0.3748558246828143 0.02487024221453287
0 0.4678489042675894 0.7059904844290658 0.8140138408304498 0.03525086505190311
0 0.098760092272203 0.7414576124567475 0.09025374855824683 0.020544982698961937
0 0.32035755478662054 0.7387543252595156 0.3373702422145329 0.025951557093425608
0 0.23543829296424454 0.7627595155709342 0.28690888119953867 0.022058823529411766
0 0.29988465974625145 0.7989835640138409 0.49365628604382933 0.05341695501730104
0 0.5154267589388697 0.8441825259515571 0.06257208765859285 0.01838235294117647
0 0.30060553633217996 0.8946799307958477 0.4922145328719723 0.050173010380622836
0 0.132641291810842 0.9603157439446367 0.15340253748558247 0.031358131487889275
0 0.7100634371395618 0.9336072664359862 0.2171280276816609 0.028546712802768166
0 0.8412629757785467 0.9576124567474049 0.036620530565167245 0.01730103806228374
1 0.722318339100346 0.8227724913494809 0.2773933102652826 0.18533737024221453
3 0.30060553633217996 0.8505622837370242 0.06718569780853519 0.04541522491349481
3 0.3003171856978085 0.9357698961937716 0.10524798154555941 0.02422145328719723
1 0.26239907727797 0.28103373702422146 0.3264129181084198 0.10532006920415225
3 0.6213956170703576 0.28644031141868515 0.36562860438292966 0.17365916955017302
