0 0.7249134948096886 0.012326989619377162 0.22491349480968859 0.022058823529411766
0 0.092560553633218 0.04725346020761246 0.05767012687427912 0.02703287197231834
0 0.23933102652825836 0.13646193771626297 0.27162629757785467 0.028114186851211073
3 0.45371972318339104 0.08044982698961937 0.08794694348327567 0.034169550173010384
3 0.12326989619377163 0.22285899653979238 0.15369088811995388 0.044333910034602075
3 0.25980392156862747 0.3969506920415225 0.1845444059976932 0.05082179930795848
3 0.5096597462514417 0.39565311418685123 0.1980968858131488 0.04044117647058824
3 0.44478085351787777 0.4789143598615917 0.39878892733564014 0.05687716262975779
0 0.4750576701268743 0.19041955017301038 0.7678777393310265 0.035683391003460206
0 0.3568339100346021 0.22339965397923875 0.30478662053056516 0.03676470588235294
0 0.2750865051903114 0.28016868512110726 0.4815455594002307 0.07244809688581315
0 0.2821510957324106 0.34731833910034604 0.4685697808535179 0.05406574394463668
1 0.6790657439446367 0.27314013840830453 0.3021914648212226 0.11461937716262977
0 0.6829584775086506 0.35780709342560557 0.09948096885813149 0.0231401384083045
0 0.10813148788927336 0.3985726643598616 0.12341407151095733 0.025951557093425608
0 0.3835063437139562 0.39889705882352944 0.058246828143021914 0.022275086505190313
0 0.7407727797001153 0.40127595155709345 0.2508650519031142 0.02703287197231834
0 0.11000576701268742 0.4345804498269896 0.13985005767012687 0.025302768166089964
0 0.8189158016147636 0.4743728373702422 0.09573241061130335 0.02703287197231834
0 0.8290080738177624 0.5854238754325259 0.08131487889273356 0.023356401384083045
0 0.44694348327566324 0.533196366782007 0.8356401384083045 0.04649653979238755
0 0.8337658592848904 0.6818771626297578 0.08217993079584775 0.028114186851211073
0 0.45386389850057673 0.6418685121107267 0.8477508650519031 0.04757785467128028
0 0.45271049596309115 0.7432958477508651 0.8483275663206459 0.08607266435986159
3 0.4476643598615917 0.58780276816609 0.14792387543252597 0.04757785467128028
3 0.4466551326412918 0.6856617647058824 0.18742791234140715 0.02703287197231834
3 0.45198961937716264 0.8155276816608997 0.22116493656286043 0.051903114186851215
3 0.4087370242214533 0.9495025951557093 0.2834486735870819 0.035683391003460206
0 0.12802768166089964 0.8921929065743945 0.12687427912341406 0.03784602076124568
0 0.15715109573241062 0.9509083044982699 0.21568627450980393 0.0393598615916955
0 0.7234717416378317 0.9440960207612457 0.34025374855824686 0.03784602076124568
0 0.8372260668973472 0.984969723183391 0.0591118800461361 0.024437716262975778
