0 0.6769031141868512 0.03827854671280277 0.1923298731257209 0.01773356401384083
0 0.8200692041522492 0.0393598615916955 0.020184544405997693 0.01903114186851211
1 0.7941176470588236 0.03881920415224913 0.03460207612456748 0.028762975778546713
1 0.3070934256055363 0.1379757785467128 0.23298731257208766 0.15138408304498271
1 0.5918396770472896 0.14013840830449828 0.22981545559400232 0.15570934256055363
1 0.30637254901960786 0.2837370242214533 0.2442329873125721 0.14013840830449828
1 0.6019319492502884 0.2875216262975779 0.22981545559400232 0.1420847750865052
0 0.45126874279123413 0.3669982698961938 0.20991926182237602 0.01903114186851211
0 0.4488177623990773 0.435121107266436 0.8117070357554786 0.08910034602076125
0 0.353517877739331 0.5402249134948097 0.6257208765859285 0.041089965397923874
0 0.10856401384083045 0.5987240484429066 0.13408304498269896 0.022707612456747406
0 0.15354671280276816 0.6663062283737025 0.2315455594002307 0.02378892733564014
0 0.8434256055363322 0.6854455017301039 0.051326412918108424 0.017949826989619378
0 0.45876585928489044 0.725454152249135 0.7698961937716263 0.0231401384083045
0 0.13047866205305653 0.7778979238754326 0.19694348327566322 0.032871972318339104
0 0.2489907727797001 0.9067906574394464 0.4541522491349481 0.030276816608996542
0 0.26124567474048443 0.9471237024221454 0.40657439446366783 0.025302768166089964
0 0.8527970011534025 0.8308823529411765 0.047001153402537486 0.02119377162629758
0 0.8441464821222607 0.9673442906574394 0.030853517877739333 0.019463667820069204
3 0.44593425605536335 0.49945934256055363 0.2782583621683968 0.04173875432525952
3 0.4545847750865052 0.5729887543252595 0.09371395617070358 0.025302768166089964
3 0.4465109573241061 0.6290008650519031 0.21482122260668973 0.040008650519031144
3 0.44478085351787777 0.6903114186851211 0.19694348327566322 0.050173010380622836
3 0.45011534025374855 0.7521626297577855 0.17589388696655134 0.028114186851211073
3 0.4493944636678201 0.8127162629757786 0.28114186851211076 0.05406574394463668
3 0.3875432525951557 0.8695934256055363 0.14994232987312572 0.04974048442906574
