0 0.6826701268742792 0.029411764705882353 0.2171280276816609 0.021626297577854673
0 0.8391003460207612 0.030709342560553635 0.020761245674740483 0.019896193771626297
1 0.8095444059976932 0.030168685121107267 0.030853517877739333 0.0296280276816609
0 0.3060841983852365 0.06228373702422146 0.4310841983852365 0.02378892733564014
0 0.46453287197231835 0.0893166089965398 0.2364475201845444 0.021626297577854673
3 0.45025951557093424 0.10942906574394463 0.5320069204152249 0.025951557093425608
2 0.466118800461361 0.29108996539792387 0.8318915801614764 0.34602076124567477
0 0.28114186851211076 0.5018382352941176 0.4607843137254902 0.02487024221453287
0 0.47794117647058826 0.5567690311418685 0.7822952710495963 0.0426038062283737
0 0.10380622837370243 0.5924524221453288 0.11014994232987313 0.020112456747404844
0 0.42603806228373703 0.6119160899653979 0.6796424452133795 0.020977508650519033
0 0.3034890426758939 0.6362456747404844 0.4478085351787774 0.02119377162629758
0 0.08982122260668973 0.6608996539792388 0.09659746251441753 0.021626297577854673
0 0.28719723183391005 0.7887110726643599 0.4873125720876586 0.23529411764705882
0 0.2905132641291811 0.9273356401384083 0.4922145328719723 0.043252595155709346
0 0.7086216839677048 0.927984429065744 0.30478662053056516 0.03243944636678201
0 0.8419838523644753 0.9552335640138409 0.03806228373702422 0.019896193771626297
1 0.7060265282583622 0.7719506920415226 0.28114186851211076 0.27314013840830453
