1 0.132641291810842 0.025302768166089964 0.09746251441753172 0.023356401384083045
1 0.9129181084198386 0.05147058823529412 0.01730103806228374 0.015138408304498271
1 0.21294694348327567 0.1583044982698962 0.2753748558246828 0.08391003460207613
1 0.8751441753171857 0.42246972318339104 0.14186851211072665 0.14597750865051903
1 0.5063437139561707 0.5227076124567475 0.5882352941176471 0.038494809688581315
1 0.28907151095732414 0.8254757785467128 0.13638985005767013 0.06963667820069204
1 0.7288062283737025 0.8283953287197232 0.13927335640138408 0.07028546712802769
1 0.010236447520184544 0.497621107266436 0.020472895040369088 0.990484429065744
0 0.5255190311418685 0.03319636678200692 0.07987312572087658 0.035683391003460206
0 0.8366493656286044 0.05147058823529412 0.12831603229527105 0.012975778546712804
0 0.8799019607843137 0.0361159169550173 0.09083044982698962 0.01124567474048443
0 0.3215109573241061 0.07309688581314878 0.3367935409457901 0.043252595155709346
0 0.696078431372549 0.0828287197231834 0.328719723183391 0.03892733564013841
0 0.5320069204152249 0.10748269896193773 0.33391003460207613 0.019896193771626297
0 0.43353517877739334 0.3072015570934256 0.13985005767012687 0.37305363321799306
0 0.2054498269896194 0.34429065743944637 0.28921568627450983 0.2967128027681661
0 0.6562860438292965 0.3080666089965398 0.29123414071510956 0.37564878892733566
0 0.8712514417531719 0.23778114186851212 0.13985005767012687 0.22426470588235295
0 0.1316320645905421 0.6146193771626298 0.13696655132641292 0.23313148788927338
0 0.5053344867358708 0.6353806228373703 0.5931372549019608 0.18814878892733564
0 0.8816320645905421 0.6164576124567475 0.14792387543252597 0.23032006920415227
1 0.5050461361014994 0.7368079584775087 0.9068627450980392 0.01124567474048443
1 0.05738177623990773 0.8627811418685122 0.00865051903114187 0.24286332179930797
1 0.9505478662053057 0.8481833910034602 0.012975778546712804 0.21366782006920415
1 0.5906862745098039 0.9669117647058824 0.6502306805074971 0.006487889273356402
1 0.11361014994232987 0.9817257785467128 0.12687427912341406 0.012326989619377162
1 0.2177047289504037 0.9717776816608997 0.09746251441753172 0.01189446366782007
0 0.5086505190311419 0.7629757785467128 0.8362168396770473 0.04757785467128028
0 0.13408304498269896 0.8822448096885813 0.1447520184544406 0.1745242214532872
0 0.28431372549019607 0.9108996539792388 0.14129181084198386 0.10207612456747406
0 0.4292099192618224 0.8782439446366782 0.13408304498269896 0.1708477508650519
0 0.5755478662053056 0.8770544982698962 0.14417531718569782 0.1676038062283737
0 0.726643598615917 0.9108996539792388 0.13610149942329874 0.09775086505190311
0 0.8732698961937716 0.8777032871972319 0.14273356401384082 0.16544117647058823
