0 0.41421568627450983 0.035899653979238756 0.6877162629757786 0.043252595155709346
0 0.885957324106113 0.0296280276816609 0.10294117647058824 0.0393598615916955
0 0.8588523644752019 0.05968858131487889 0.027393310265282585 0.010813148788927337
0 0.9188292964244522 0.29184688581314877 0.16176470588235295 0.44182525951557095
0 0.05550749711649366 0.07320501730103807 0.0856401384083045 0.014057093425605537
0 0.07857554786620531 0.2882785467128028 0.15484429065743946 0.4087370242214533
0 0.24077277970011535 0.27854671280276816 0.15513264129181084 0.42603806228373703
0 0.5795847750865052 0.38462370242214533 0.510957324106113 0.21734429065743946
1 0.5738177623990773 0.16890138408304498 0.49826989619377166 0.2054498269896194
1 0.15859284890426759 0.5872621107266436 0.2946943483275663 0.14597750865051903
0 0.031718569780853516 0.5027032871972319 0.039792387543252594 0.013624567474048443
0 0.35106689734717417 0.5073529411764706 0.03546712802768166 0.015138408304498271
0 0.5792964244521338 0.5256271626297578 0.2768166089965398 0.02487024221453287
0 0.8751441753171857 0.5299524221453288 0.042675893886966555 0.016219723183391006
0 0.5824682814302191 0.6286764705882353 0.510957324106113 0.18122837370242215
0 0.16032295271049596 0.6832828719723184 0.29988465974625145 0.04476643598615917
0 0.9253171856978085 0.6584126297577855 0.14878892733564014 0.22426470588235295
0 0.4195501730103806 0.8646193771626298 0.8356401384083045 0.2703287197231834
0 0.8775951557093425 0.7892517301038062 0.03892733564013841 0.018814878892733564
0 0.9271914648212226 0.9017084775086506 0.145040369088812 0.19615051903114186
