0 0.6614763552479815 0.04292820069204152 0.2508650519031142 0.022707612456747406
0 0.8333333333333334 0.04725346020761246 0.02249134948096886 0.01838235294117647
1 0.8052191464821223 0.045847750865051905 0.036620530565167245 0.030709342560553635
1 0.2858996539792388 0.4641003460207613 0.37053056516724336 0.1773356401384083
1 0.6519607843137255 0.4673442906574395 0.32006920415224915 0.17517301038062283
0 0.45847750865051906 0.10445501730103807 0.7722029988465975 0.08866782006920415
0 0.459919261822376 0.18241782006920415 0.776239907727797 0.04649653979238755
3 0.45847750865051906 0.15419550173010382 0.10726643598615918 0.021626297577854673
3 0.46525374855824686 0.8984645328719724 0.36188004613610153 0.0828287197231834
0 0.854959630911188 0.8838667820069205 0.06978085351787774 0.07396193771626298
0 0.8561130334486736 0.9739403114186852 0.02883506343713956 0.02487024221453287
0 0.09083044982698962 0.9593425605536332 0.13610149942329874 0.028114186851211073
0 0.46381199538638984 0.733023356401384 0.8491926182237601 0.24156574394463667
0 0.4639561707035756 0.5924524221453288 0.17012687427912343 0.018814878892733564
0 0.28431372549019607 0.5686634948096886 0.08650519031141869 0.017949826989619378
0 0.6620530565167243 0.5665008650519031 0.2047289504036909 0.017949826989619378
0 0.16695501730103807 0.2329152249134948 0.2047289504036909 0.02768166089965398
0 0.45775663206459055 0.3201773356401384 0.802479815455594 0.1092128027681661
