1 0.10928489042675894 0.019355536332179932 0.10092272202998846 0.020112456747404844
1 0.8109861591695502 0.055255190311418685 0.023933102652825836 0.016219723183391006
1 0.06487889273356402 0.24210640138408304 0.02364475201845444 0.01578719723183391
1 0.22029988465974626 0.31152681660899656 0.025951557093425608 0.020544982698961937
0 0.49567474048442905 0.018598615916955018 0.19607843137254902 0.03460207612456748
0 0.8744232987312572 0.01448961937716263 0.09717416378316032 0.01124567474048443
0 0.8297289504036909 0.030709342560553635 0.13638985005767013 0.01903114186851211
0 0.9126297577854672 0.030925605536332182 0.016724336793540948 0.015138408304498271
0 0.34702998846597466 0.04855103806228374 0.4368512110726644 0.020977508650519033
0 0.3391003460207613 0.0714749134948097 0.4757785467128028 0.03352076124567474
0 0.34429065743944637 0.1559256055363322 0.5882352941176471 0.1384083044982699
0 0.717560553633218 0.13451557093425606 0.14850057670126876 0.18339100346020762
0 0.8679354094579008 0.21507352941176472 0.14763552479815456 0.2977941176470588
0 0.8881199538638985 0.6110510380622838 0.15340253748558247 0.49416089965397925
0 0.8891291810841984 0.9184688581314879 0.14273356401384082 0.10986159169550173
0 0.7269319492502884 0.8431012110726643 0.15859284890426759 0.13300173010380623
0 0.49567474048442905 0.8492647058823529 0.28835063437139563 0.12716262975778547
0 0.5824682814302191 0.946583044982699 0.4463667820069204 0.06444636678200692
0 0.19607843137254902 0.8874351211072664 0.3137254901960784 0.20436851211072665
0 0.10957324106113034 0.24286332179930797 0.061130334486735875 0.01730103806228374
0 0.49062860438292966 0.2664359861591696 0.5147058823529412 0.058823529411764705
0 0.26672433679354096 0.3118512110726644 0.05997693194925029 0.014705882352941176
0 0.11678200692041522 0.2861159169550173 0.1447520184544406 0.04757785467128028
0 0.11779123414071511 0.5364403114186851 0.14561707035755478 0.442257785467128
0 0.2742214532871972 0.5477941176470589 0.14417531718569782 0.4455017301038062
0 0.4969723183391004 0.6045631487889274 0.2955594002306805 0.32331314878892736
0 0.7169838523644753 0.532439446366782 0.16003460207612458 0.4697231833910035
1 0.49279123414071513 0.3721885813148789 0.2825836216839677 0.14057093425605538
