0 0.6620530565167243 0.07039359861591696 0.18166089965397925 0.020544982698961937
0 0.7994521337946944 0.0726643598615917 0.019319492502883506 0.01730103806228374
1 0.7724913494809689 0.07071799307958478 0.03748558246828143 0.030709342560553635
3 0.4418973471741638 0.12510813148788927 0.4547289504036909 0.07461072664359862
3 0.5219146482122261 0.18047145328719724 0.13610149942329874 0.0231401384083045
3 0.4465109573241061 0.44106833910034604 0.3042099192618224 0.05990484429065744
3 0.2569204152249135 0.5516868512110726 0.20761245674740486 0.056228373702422146
3 0.45011534025374855 0.6205666089965398 0.09515570934256055 0.028762975778546713
3 0.44016724336793545 0.692257785467128 0.22635524798154558 0.056228373702422146
3 0.45126874279123413 0.8175821799307958 0.24567474048442908 0.13732698961937717
3 0.4473760092272203 0.9354455017301039 0.3099769319492503 0.044333910034602075
0 0.2778258362168397 0.17668685121107267 0.34746251441753173 0.022058823529411766
0 0.7097750865051903 0.18403979238754326 0.21482122260668973 0.028114186851211073
0 0.45271049596309115 0.37153979238754326 0.16089965397923875 0.02378892733564014
3 0.09443483275663207 0.1997188581314879 0.055651672433679356 0.016219723183391006
0 0.2772491349480969 0.40030276816608995 0.38783160322952714 0.025951557093425608
0 0.46568627450980393 0.4886461937716263 0.7722029988465975 0.024437716262975778
0 0.07958477508650519 0.5135164359861591 0.08073817762399077 0.020112456747404844
0 0.11505190311418685 0.554606401384083 0.06343713956170703 0.04606401384083045
0 0.32626874279123413 0.5935337370242215 0.49740484429065746 0.022275086505190313
0 0.24120530565167245 0.6454368512110726 0.39936562860438296 0.022275086505190313
0 0.06127450980392157 0.7386461937716263 0.04411764705882353 0.02487024221453287
0 0.12788350634371395 0.9025735294117647 0.20617070357554787 0.02703287197231834
0 0.8314590542099193 0.9636678200692042 0.036043829296424454 0.019463667820069204
1 0.3020472895040369 0.278871107266436 0.2586505190311419 0.1420847750865052
1 0.5850634371395618 0.2808174740484429 0.26239907727797 0.14597750865051903
