0 0.6949250288350635 0.027465397923875434 0.2560553633217993 0.023356401384083045
0 0.8708189158016147 0.027465397923875434 0.0196078431372549 0.022058823529411766
1 0.8416955017301039 0.02605968858131488 0.03460207612456748 0.035683391003460206
1 0.720876585928489 0.18825692041522493 0.28604382929642447 0.12002595155709343
0 0.19607843137254902 0.07125865051903114 0.185121107266436 0.030925605536332182
0 0.3359284890426759 0.14230103806228375 0.48500576701268744 0.10380622837370243
0 0.5190311418685122 0.20555795847750866 0.05709342560553633 0.020544982698961937
0 0.5204728950403691 0.25746107266435986 0.049596309111880045 0.020544982698961937
0 0.7197231833910035 0.2704368512110727 0.17301038062283738 0.01838235294117647
0 0.8719723183391004 0.3137975778546713 0.05478662053056517 0.02378892733564014
0 0.2367358708189158 0.22512975778546712 0.29988465974625145 0.02378892733564014
3 0.3104094579008074 0.20155709342560554 0.10524798154555941 0.022058823529411766
3 0.3121395617070358 0.254757785467128 0.2817185697808535 0.041089965397923874
3 0.4880334486735871 0.31239186851211076 0.13350634371395617 0.037413494809688586
0 0.11418685121107267 0.29044117647058826 0.060553633217993084 0.02378892733564014
0 0.4880334486735871 0.3759731833910035 0.8295847750865052 0.08542387543252596
0 0.8809111880046137 0.48486159169550175 0.058246828143021914 0.023356401384083045
3 0.4971164936562861 0.4877811418685121 0.2047289504036909 0.13948961937716264
3 0.49567474048442905 0.6227292387543253 0.09803921568627451 0.04044117647058824
3 0.4969723183391004 0.6816608996539792 0.17445213379469435 0.04498269896193772
3 0.49841407151095735 0.7755190311418685 0.16868512110726644 0.09731833910034603
3 0.4940888119953864 0.9582612456747405 0.2926758938869666 0.03243944636678201
0 0.46424452133794697 0.5800173010380623 0.7877739331026529 0.047145328719723184
0 0.8974913494809689 0.6776600346020761 0.05392156862745098 0.02703287197231834
0 0.12615340253748558 0.65625 0.12773933102652826 0.0296280276816609
0 0.3507785467128028 0.7192906574394464 0.5723760092272203 0.02378892733564014
0 0.8948961937716263 0.7710856401384083 0.06199538638985006 0.02487024221453287
0 0.2967128027681661 0.8492647058823529 0.4959630911188005 0.047145328719723184
0 0.4959630911188005 0.9063581314878894 0.8656286043829297 0.07352941176470588
0 0.8985005767012688 0.9786980968858132 0.02883506343713956 0.01838235294117647
