0 0.11101499423298732 0.04422577854671281 0.13033448673587084 0.04909169550173011
0 0.42647058823529416 0.041306228373702424 0.33448673587081895 0.043252595155709346
0 0.23760092272202998 0.07742214532871973 0.1787773933102653 0.01730103806228374
0 0.4354094579008074 0.07233996539792388 0.19953863898500576 0.020112456747404844
0 0.3243944636678201 0.09180363321799308 0.06978085351787774 0.010164359861591695
0 0.25403690888119956 0.13451557093425606 0.43252595155709345 0.07179930795847751
0 0.45703575547866204 0.1871756055363322 0.2773933102652826 0.035683391003460206
0 0.47188581314878897 0.004217128027681661 0.10813148788927336 0.007136678200692042
0 0.7925317185697809 0.003568339100346021 0.13696655132641292 0.007136678200692042
0 0.3889850057670127 0.24610726643598616 0.14994232987312572 0.07136678200692041
0 0.5446943483275664 0.24156574394463667 0.14994232987312572 0.07093425605536333
0 0.6963667820069205 0.22134515570934257 0.15051903114186851 0.10705017301038063
0 0.8484717416378317 0.22048010380622837 0.15369088811995388 0.10099480968858132
0 0.163638985005767 0.3096885813148789 0.17964244521337946 0.01773356401384083
0 0.092560553633218 0.5511461937716263 0.15282583621683968 0.4573961937716263
0 0.24726066897347174 0.5464965397923875 0.1577277970011534 0.45674740484429066
0 0.39864475201845445 0.4753460207612457 0.16061130334486737 0.3741349480968858
0 0.3904267589388697 0.7164792387543253 0.12110726643598617 0.10813148788927336
0 0.5521914648212226 0.3511029411764706 0.1637831603229527 0.13300173010380623
0 0.5640138408304498 0.5367647058823529 0.1643598615916955 0.24048442906574397
0 0.7064590542099193 0.3296929065743945 0.15513264129181084 0.09364186851211073
0 0.7158304498269896 0.43101211072664364 0.15484429065743946 0.10380622837370243
0 0.8667820069204153 0.3407223183391004 0.1643598615916955 0.12218858131487889
0 0.8768742791234141 0.4405276816608997 0.15282583621683968 0.07612456747404844
0 0.8001730103806228 0.49891868512110726 0.26874279123414074 0.025519031141868515
0 0.8186274509803921 0.6357050173010381 0.328719723183391 0.2471885813148789
0 0.44478085351787777 0.8000648788927336 0.10005767012687428 0.04173875432525952
0 0.3186274509803922 0.8035250865051904 0.1447520184544406 0.04217128027681661
0 0.16940599769319492 0.8076340830449827 0.14907727797001155 0.0426038062283737
0 0.42488465974625145 0.8254757785467128 0.07064590542099193 0.008217993079584776
0 0.2902249134948097 0.828719723183391 0.09371395617070358 0.010380622837370242
0 0.1055363321799308 0.8365051903114187 0.14129181084198386 0.010813148788927337
0 0.2674452133794694 0.8946799307958477 0.4749134948096886 0.09688581314878893
0 0.26701268742791234 0.9619377162629759 0.4757785467128028 0.03676470588235294
0 0.14244521337946944 0.9871323529411765 0.22202998846597463 0.009299307958477509
0 0.29411764705882354 0.9844290657439446 0.061130334486735875 0.008217993079584776
0 0.6776239907727797 0.7838451557093425 0.25720876585928487 0.028762975778546713
0 0.9010957324106114 0.780060553633218 0.12629757785467127 0.019896193771626297
0 0.6286043829296425 0.8914359861591695 0.23298731257208766 0.16608996539792387
0 0.8700980392156863 0.8782439446366782 0.23846597462514418 0.16868512110726644
1 0.6963667820069205 0.11883650519031143 0.4158016147635525 0.07504325259515571
1 0.7465397923875433 0.04725346020761246 0.2970011534025375 0.061634948096885814
1 0.16580161476355249 0.23205017301038064 0.2848904267589389 0.10813148788927336
1 0.5521914648212226 0.7089100346020761 0.20415224913494812 0.10164359861591696
1 0.06704152249134948 0.008542387543252596 0.10005767012687428 0.01578719723183391
