0 0.2710495963091119 0.07331314878892733 0.4152249134948097 0.016003460207612456
0 0.7563437139561707 0.07363754325259515 0.06459054209919263 0.013624567474048443
0 0.1908881199538639 0.09958910034602077 0.2566320645905421 0.020977508650519033
0 0.6330738177623991 0.16738754325259517 0.3780276816608997 0.1652249134948097
0 0.23990772779700115 0.23367214532871974 0.38523644752018454 0.06423010380622837
2 0.24192618223760093 0.15441176470588236 0.3777393310265283 0.08737024221453288
2 0.6431660899653979 0.3187716262975779 0.3809111880046136 0.1375432525951557
1 0.24567474048442908 0.33326124567474047 0.26066897347174167 0.13624567474048443
0 0.1980968858131488 0.4204152249134948 0.303921568627451 0.03114186851211073
0 0.2442329873125721 0.5566608996539792 0.4019607843137255 0.23875432525951557
3 0.25720876585928487 0.6972318339100346 0.370242214532872 0.03676470588235294
3 0.2586505190311419 0.7527032871972319 0.3881199538638985 0.03525086505190311
3 0.25432525951557095 0.8719723183391004 0.3875432525951557 0.030276816608996542
3 0.6668108419838524 0.6128892733564014 0.37226066897347176 0.029411764705882353
0 0.23269896193771628 0.7224264705882353 0.328719723183391 0.017949826989619378
0 0.24798154555940025 0.8107698961937716 0.4094579008073818 0.08347750865051903
0 0.2505767012687428 0.89435553633218 0.3892733564013841 0.018814878892733564
0 0.4668396770472895 0.9091695501730104 0.07785467128027682 0.019463667820069204
0 0.6701268742791234 0.761461937716263 0.411764705882353 0.2703287197231834
0 0.6509515570934257 0.4945934256055364 0.3884083044982699 0.20112456747404844
