0 0.7079008073817763 0.049632352941176475 0.21280276816608998 0.022275086505190313
3 0.4602076124567474 0.08531574394463667 0.3229527104959631 0.03525086505190311
3 0.4545847750865052 0.14186851211072665 0.2897923875432526 0.056228373702422146
0 0.13365051903114186 0.1071583044982699 0.0591118800461361 0.02487024221453287
0 0.23976355247981546 0.18695934256055363 0.2177047289504037 0.024437716262975778
0 0.3391003460207613 0.24459342560553635 0.5103806228373703 0.07352941176470588
3 0.33881199538638984 0.3048226643598616 0.19953863898500576 0.04044117647058824
3 0.33982122260668973 0.370242214532872 0.2436562860438293 0.04152249134948097
3 0.4573241061130335 0.4392301038062284 0.6026528258362168 0.041089965397923874
0 0.1307670126874279 0.33261245674740486 0.09659746251441753 0.028114186851211073
0 0.10524798154555941 0.4008434256055363 0.05997693194925029 0.02703287197231834
0 0.7177047289504037 0.373810553633218 0.08362168396770474 0.02703287197231834
1 0.7182814302191465 0.28233131487889274 0.21626297577854672 0.1351643598615917
0 0.4666955017301038 0.4805363321799308 0.7771049596309112 0.04498269896193772
3 0.46424452133794697 0.5180579584775087 0.24855824682814304 0.02487024221453287
0 0.4617935409457901 0.5637975778546713 0.7828719723183392 0.05363321799307959
0 0.13004613610149943 0.605211937716263 0.03460207612456748 0.02703287197231834
3 0.42603806228373703 0.6000216262975778 0.46626297577854675 0.030925605536332182
3 0.4649653979238754 0.6353806228373703 0.5717993079584776 0.03460207612456748
3 0.46568627450980393 0.6771193771626298 0.4232987312572088 0.04541522491349481
3 0.47102076124567477 0.7243728373702423 0.2696078431372549 0.04822664359861592
0 0.46467704728950404 0.7892517301038062 0.8174740484429066 0.07850346020761247
0 0.11750288350634372 0.8514273356401384 0.03373702422145329 0.030709342560553635
0 0.35250865051903113 0.8487240484429066 0.10467128027681662 0.0231401384083045
0 0.6714244521337948 0.8446150519031143 0.036043829296424454 0.02703287197231834
3 0.22058823529411764 0.855211937716263 0.14359861591695502 0.04044117647058824
3 0.5258073817762399 0.8458044982698962 0.24077277970011535 0.028114186851211073
3 0.4707324106113034 0.8960856401384083 0.32497116493656286 0.052984429065743945
0 0.8228085351787774 0.9467993079584776 0.06487889273356402 0.03243944636678201
