0 0.8056516724336794 0.0055147058823529415 0.1384083044982699 0.011029411764705883
1 0.884515570934256 0.005190311418685121 0.018166089965397925 0.010380622837370242
1 0.42099192618223763 0.2426470588235294 0.23990772779700115 0.22880622837370243
1 0.720876585928489 0.2529195501730104 0.03517877739331027 0.025302768166089964
1 0.056949250288350635 0.08066608996539792 0.03373702422145329 0.02378892733564014
1 0.6999711649365629 0.025519031141868515 0.03546712802768166 0.025951557093425608
1 0.7475490196078431 0.5684472318339101 0.047001153402537486 0.02487024221453287
1 0.02955594002306805 0.7238321799307958 0.036620530565167245 0.03200692041522491
0 0.34702998846597466 0.03990051903114187 0.5867935409457901 0.0296280276816609
0 0.34746251441753173 0.09310121107266436 0.36389850057670126 0.04865916955017301
0 0.6134659746251442 0.2159385813148789 0.13062283737024222 0.30384948096885817
0 0.6336505190311419 0.5237889273356402 0.1317762399077278 0.3118512110726644
0 0.08794694348327567 0.18695934256055363 0.10726643598615918 0.16500865051903116
0 0.21943483275663206 0.27368079584775085 0.12110726643598617 0.28871107266435986
0 0.08434256055363322 0.2813581314878893 0.10467128027681662 0.019463667820069204
0 0.21510957324106114 0.4375 0.1182237600922722 0.03243944636678201
0 0.08189158016147635 0.4250648788927336 0.12399077277970012 0.26059688581314877
0 0.07670126874279123 0.6243512110726643 0.12975778546712805 0.138840830449827
0 0.21366782006920415 0.5722318339100346 0.12975778546712805 0.22923875432525953
0 0.3572664359861592 0.5251946366782007 0.132641291810842 0.3189878892733564
0 0.4948096885813149 0.4772923875432526 0.132641291810842 0.2296712802768166
0 0.49855824682814304 0.6115916955017301 0.12110726643598617 0.030276816608996542
0 0.4995674740484429 0.6573313148788927 0.13350634371395617 0.050389273356401386
0 0.7367358708189158 0.28265570934256057 0.07554786620530565 0.022058823529411766
0 0.765282583621684 0.382136678200692 0.12110726643598617 0.16911764705882354
0 0.756199538638985 0.47913062283737023 0.07987312572087658 0.020544982698961937
0 0.7760957324106114 0.5178416955017301 0.11389850057670127 0.05557958477508651
0 0.11072664359861592 0.08044982698961937 0.06920415224913495 0.019896193771626297
0 0.7442329873125721 0.025302768166089964 0.051903114186851215 0.01773356401384083
0 0.7889273356401384 0.05179498269896194 0.21626297577854672 0.028762975778546713
0 0.8085351787773933 0.15073529411764705 0.2450980392156863 0.1704152249134948
0 0.765282583621684 0.2540008650519031 0.051903114186851215 0.020112456747404844
0 0.8820645905420992 0.3048226643598616 0.12687427912341406 0.1217560553633218
0 0.9003748558246828 0.4548010380622837 0.13638985005767013 0.1773356401384083
0 0.792964244521338 0.5697448096885813 0.052479815455594006 0.0166522491349481
0 0.8487600922722031 0.5929930795847751 0.2436562860438293 0.02119377162629758
0 0.8513552479815456 0.617106401384083 0.17214532871972318 0.02487024221453287
0 0.7439446366782008 0.6454368512110726 0.039792387543252594 0.01448961937716263
0 0.7968569780853518 0.8116349480968859 0.12831603229527105 0.3179065743944637
0 0.928921568627451 0.799848615916955 0.14158016147635524 0.3319636678200692
0 0.07497116493656286 0.7251297577854672 0.05420991926182238 0.021626297577854673
0 0.35971741637831606 0.71280276816609 0.39878892733564014 0.028114186851211073
0 0.3517877739331027 0.7443771626297578 0.4550173010380623 0.03633217993079585
0 0.06790657439446367 0.8905709342560554 0.13581314878892733 0.2184256055363322
0 0.21410034602076125 0.8868944636678201 0.14215686274509803 0.2227508650519031
0 0.3621683967704729 0.8795415224913495 0.1384083044982699 0.21583044982698962
0 0.5063437139561707 0.8741349480968859 0.13552479815455595 0.2102076124567474
0 0.6509515570934257 0.8712153979238755 0.13465974625144175 0.21301903114186851
