0 0.6567185697808535 0.032331314878892736 0.27191464821222605 0.024437716262975778
0 0.8419838523644753 0.03503460207612457 0.01787773933102653 0.016868512110726645
1 0.813437139561707 0.03471020761245675 0.03748558246828143 0.031358131487889275
1 0.19564590542099194 0.4405276816608997 0.15715109573241062 0.08910034602076125
1 0.3827854671280277 0.44193339100346024 0.13465974625144175 0.08326124567474048
1 0.5507497116493656 0.44344723183391005 0.13494809688581316 0.08109861591695502
1 0.7348615916955018 0.4424740484429066 0.13985005767012687 0.08217993079584775
1 0.7487024221453288 0.6227292387543253 0.2494232987312572 0.13040657439446368
3 0.46381199538638984 0.06747404844290658 0.4368512110726644 0.023356401384083045
3 0.46467704728950404 0.11505190311418685 0.28690888119953867 0.038494809688581315
0 0.2494232987312572 0.08639705882352941 0.27335640138408307 0.022275086505190313
0 0.23327566320645907 0.155060553633218 0.31430219146482125 0.03200692041522491
0 0.46929065743944637 0.28265570934256057 0.8122837370242215 0.21237024221453288
0 0.19579008073817764 0.49891868512110726 0.12110726643598617 0.028546712802768166
0 0.3777393310265283 0.4992430795847751 0.11880046136101499 0.02487024221453287
0 0.5514705882352942 0.49945934256055363 0.10870818915801615 0.027465397923875434
0 0.7384659746251442 0.49978373702422146 0.10957324106113034 0.03243944636678201
0 0.46280276816609 0.5299524221453288 0.2820069204152249 0.020544982698961937
0 0.322520184544406 0.6333261245674741 0.5521914648212226 0.15895328719723184
0 0.7432237600922722 0.7191825259515571 0.2430795847750865 0.03784602076124568
0 0.31819492502883506 0.7365916955017301 0.5493079584775087 0.04757785467128028
0 0.4697231833910035 0.8078503460207612 0.8535178777393311 0.09407439446366782
0 0.47044405997693195 0.9265787197231834 0.8520761245674741 0.05125432525951557
3 0.4671280276816609 0.8795415224913495 0.185121107266436 0.04930795847750865
0 0.8624567474048443 0.9749134948096886 0.031718569780853516 0.01730103806228374
