1 0.02306805074971165 0.015570934256055364 0.0265282583621684 0.02119377162629758
1 0.9054209919261823 0.011786332179930796 0.0196078431372549 0.020112456747404844
1 0.6228373702422145 0.25832612456747406 0.3119953863898501 0.30428200692041524
1 0.07208765859284891 0.01416522491349481 0.06978085351787774 0.016219723183391006
0 0.47693194925028837 0.009839965397923875 0.15570934256055363 0.01967993079584775
0 0.8066608996539792 0.01286764705882353 0.1779123414071511 0.017949826989619378
0 0.4659746251441753 0.057742214532871976 0.6805074971164937 0.04801038062283737
0 0.4894752018454441 0.08801903114186851 0.32785467128027684 0.015570934256055364
0 0.15037485582468282 0.19917820069204153 0.2926758938869666 0.16868512110726644
0 0.3820645905420992 0.2594074394463668 0.14763552479815456 0.2990916955017301
0 0.828287197231834 0.12510813148788927 0.04238754325259516 0.014057093425605537
1 0.86260092272203 0.1274870242214533 0.024509803921568627 0.012326989619377162
1 0.8001730103806228 0.12608131487889274 0.014994232987312572 0.012975778546712804
0 0.8830738177623991 0.48972750865051906 0.1767589388696655 0.6948529411764706
0 0.7179930795847751 0.605211937716263 0.16205305651672433 0.38170415224913495
0 0.5565167243367936 0.6065095155709342 0.16493656286043828 0.3842993079584775
0 0.3914359861591696 0.607590830449827 0.15657439446366783 0.3791089965397924
0 0.2309688581314879 0.5432525951557093 0.14705882352941177 0.518598615916955
0 0.07713379469434833 0.5473615916955017 0.14215686274509803 0.5082179930795848
0 0.08866782006920415 0.9084126297577855 0.14215686274509803 0.18274221453287198
0 0.35928489042675893 0.838992214532872 0.39215686274509803 0.04173875432525952
0 0.4029700115340254 0.9292820069204153 0.473760092272203 0.14100346020761245
0 0.7179930795847751 0.9035467128027682 0.14936562860438293 0.19247404844290658
0 0.8907151095732411 0.9181444636678201 0.14705882352941177 0.16327854671280279
