0 0.6585928489042676 0.03557525951557094 0.28835063437139563 0.022275086505190313
0 0.45170126874279126 0.0722318339100346 0.7396193771626298 0.02422145328719723
0 0.2311130334486736 0.11613321799307959 0.25807381776239907 0.023356401384083045
0 0.12153979238754326 0.13808391003460208 0.04181084198385237 0.01838235294117647
0 0.435121107266436 0.1753892733564014 0.7554786620530566 0.04974048442906574
0 0.15354671280276816 0.20804498269896193 0.12312572087658594 0.02119377162629758
0 0.2595155709342561 0.23161764705882354 0.33967704728950404 0.02378892733564014
0 0.2566320645905421 0.295090830449827 0.3379469434832757 0.04692906574394464
0 0.10164359861591696 0.3305579584775087 0.025086505190311418 0.022707612456747406
0 0.5875144175317186 0.33326124567474047 0.24711649365628605 0.02378892733564014
0 0.05795847750865052 0.5110294117647058 0.0461361014994233 0.019463667820069204
0 0.165080738177624 0.5373053633217993 0.04988465974625144 0.018814878892733564
0 0.2984429065743945 0.5900735294117647 0.4619377162629758 0.022707612456747406
0 0.4214244521337947 0.8443987889273357 0.8318915801614764 0.08153114186851211
0 0.1970876585928489 0.09180363321799308 0.16868512110726644 0.01578719723183391
3 0.0862168396770473 0.09429065743944637 0.043252595155709346 0.019463667820069204
3 0.33189158016147635 0.09342560553633218 0.08650519031141869 0.01773356401384083
3 0.2181372549019608 0.13851643598615918 0.14273356401384082 0.020544982698961937
3 0.35827566320645904 0.2085856401384083 0.24596309111880046 0.022275086505190313
3 0.428921568627451 0.26048875432525953 0.41147635524798154 0.0296280276816609
3 0.2876297577854671 0.33401816608996543 0.344002306805075 0.0231401384083045
3 0.3373702422145329 0.3596453287197232 0.4232987312572088 0.025951557093425608
3 0.31170703575547865 0.38321799307958476 0.2450980392156863 0.0263840830449827
3 0.42459630911188007 0.4084126297577855 0.4420415224913495 0.02487024221453287
3 0.38682237600922725 0.43490484429065746 0.4022491349480969 0.025951557093425608
3 0.3969146482122261 0.45966695501730104 0.396482122260669 0.02487024221453287
3 0.39258938869665516 0.486159169550173 0.38783160322952714 0.030276816608996542
3 0.4411764705882353 0.512651384083045 0.7202998846597463 0.022707612456747406
3 0.08391003460207613 0.5367647058823529 0.10668973471741638 0.022058823529411766
0 0.8143021914648213 0.5130839100346021 0.03748558246828143 0.02487024221453287
3 0.42574971164936565 0.5654195501730104 0.5521914648212226 0.026600346020761247
3 0.4217128027681661 0.6481401384083045 0.22116493656286043 0.09126297577854671
3 0.3205017301038062 0.7051254325259516 0.3128604382929642 0.020544982698961937
3 0.5622837370242215 0.7050173010380623 0.05997693194925029 0.01730103806228374
3 0.4263264129181084 0.7616782006920415 0.36476355247981546 0.08261245674740485
3 0.41882929642445216 0.9146842560553633 0.4679930795847751 0.050389273356401386
0 0.10885236447520184 0.7081531141868512 0.09313725490196079 0.028762975778546713
0 0.5082179930795848 0.7056660899653979 0.047001153402537486 0.021626297577854673
0 0.08117070357554787 0.7647058823529412 0.036043829296424454 0.025951557093425608
0 0.789648212226067 0.9636678200692042 0.07641291810841984 0.021626297577854673
