0 0.19333910034602075 0.04984861591695502 0.32670126874279126 0.0296280276816609
0 0.8073817762399077 0.05709342560553633 0.049019607843137254 0.016435986159169552
0 0.22750865051903116 0.12478373702422146 0.4008073817762399 0.12326989619377163
0 0.6437427912341407 0.1327854671280277 0.38783160322952714 0.12889273356401384
1 0.4159457900807382 0.2820069204152249 0.43166089965397925 0.19377162629757785
0 0.25533448673587084 0.39803200692041524 0.4564590542099193 0.033953287197231834
0 0.22448096885813149 0.47913062283737023 0.3970588235294118 0.12391868512110726
0 0.6485005767012688 0.47631920415224915 0.3933102652825836 0.12262110726643599
1 0.4371395617070358 0.6723615916955018 0.46251441753171857 0.25821799307958476
0 0.4388696655132641 0.8155276816608997 0.2970011534025375 0.028114186851211073
0 0.22693194925028837 0.8814878892733564 0.40369088811995385 0.09515570934256055
0 0.6558535178777394 0.878568339100346 0.4039792387543253 0.08499134948096886
0 0.44031141868512114 0.9354455017301039 0.08246828143021914 0.01578719723183391
