0 0.7139561707035755 0.05049740484429066 0.1787773933102653 0.02487024221453287
0 0.44694348327566324 0.10423875432525952 0.15340253748558247 0.02422145328719723
3 0.2537485582468281 0.14824826989619377 0.2975778546712803 0.02487024221453287
3 0.30103806228373703 0.1687932525951557 0.395040369088812 0.022707612456747406
3 0.5139850057670127 0.19290657439446368 0.2834486735870819 0.01903114186851211
3 0.24106113033448676 0.483780276816609 0.12687427912341406 0.01903114186851211
3 0.41810841983852365 0.48410467128027684 0.10438292964244522 0.016219723183391006
3 0.3491926182237601 0.21237024221453288 0.3633217993079585 0.023356401384083045
3 0.6286043829296425 0.21583044982698962 0.1061130334486736 0.021626297577854673
3 0.24971164936562862 0.3478589965397924 0.20184544405997693 0.022707612456747406
3 0.25908304498269896 0.5102724913494809 0.24077277970011535 0.018814878892733564
3 0.3633217993079585 0.5573096885813149 0.3367935409457901 0.019896193771626297
3 0.21337946943483277 0.581098615916955 0.18685121107266436 0.02119377162629758
3 0.44694348327566324 0.5823961937716263 0.16089965397923875 0.021626297577854673
3 0.6336505190311419 0.5800173010380623 0.10870818915801615 0.022058823529411766
3 0.2616782006920415 0.6057525951557093 0.20847750865051903 0.02378892733564014
3 0.35827566320645904 0.6313797577854672 0.39302191464821223 0.020977508650519033
3 0.44478085351787777 0.6535467128027682 0.3497693194925029 0.025519031141868515
3 0.4429065743944637 0.7103157439446367 0.45271049596309115 0.027465397923875434
3 0.165080738177624 0.7402681660899654 0.1709919261822376 0.02378892733564014
0 0.6156286043829297 0.171280276816609 0.18685121107266436 0.01903114186851211
0 0.23356401384083045 0.191068339100346 0.26297577854671284 0.020544982698961937
0 0.13408304498269896 0.21074826989619377 0.07151095732410612 0.01578719723183391
0 0.5543540945790081 0.21583044982698962 0.04123414071510957 0.019463667820069204
0 0.7487024221453288 0.21853373702422146 0.13985005767012687 0.022707612456747406
0 0.08535178777393311 0.2329152249134948 0.049019607843137254 0.014705882352941176
0 0.44218569780853517 0.26448961937716264 0.7598039215686275 0.041089965397923874
0 0.4408881199538639 0.31509515570934254 0.7641291810841984 0.04930795847750865
0 0.09948096885813149 0.3478589965397924 0.08881199538638986 0.020544982698961937
0 0.5060553633217993 0.34883217993079585 0.32525951557093424 0.021626297577854673
1 0.44694348327566324 0.39749134948096887 0.3108419838523645 0.06920415224913495
0 0.4455017301038062 0.4524221453287197 0.10322952710495964 0.012543252595155709
0 0.12572087658592848 0.4829152249134948 0.09515570934256055 0.01730103806228374
0 0.3352076124567474 0.4843209342560554 0.05680507497116494 0.01448961937716263
0 0.5139850057670127 0.4850778546712803 0.0856401384083045 0.019463667820069204
0 0.10784313725490197 0.5086505190311419 0.051903114186851215 0.023356401384083045
0 0.6076989619377163 0.5075692041522492 0.44492502883506346 0.022058823529411766
0 0.2722029988465975 0.532439446366782 0.3863898500576701 0.02119377162629758
0 0.13480392156862744 0.5564446366782007 0.11447520184544406 0.019463667820069204
0 0.557237600922722 0.5564446366782007 0.045271049596309114 0.019463667820069204
0 0.12182814302191465 0.6078070934256056 0.07583621683967705 0.022707612456747406
0 0.4397347174163783 0.6068339100346021 0.1447520184544406 0.01730103806228374
0 0.11966551326412918 0.6332179930795848 0.08131487889273356 0.019463667820069204
0 0.6786332179930796 0.6283520761245674 0.23500576701268744 0.01838235294117647
0 0.1978085351787774 0.6843641868512111 0.2364475201845444 0.018814878892733564
0 0.4173875432525952 0.7365916955017301 0.32670126874279126 0.02378892733564014
0 0.05767012687427912 0.740916955017301 0.03690888119953864 0.02378892733564014
0 0.4437716262975779 0.7908737024221454 0.328719723183391 0.030709342560553635
0 0.29224336793540945 0.8771626297577855 0.4541522491349481 0.030276816608996542
0 0.45775663206459055 0.9336072664359862 0.7880622837370242 0.04498269896193772
0 0.8001730103806228 0.9649653979238755 0.06574394463667821 0.0263840830449827
