0 0.7450980392156863 0.03827854671280277 0.13552479815455595 0.022058823529411766
3 0.4505478662053057 0.079909169550173 0.2846020761245675 0.04476643598615917
0 0.4541522491349481 0.16554930795847753 0.7675893886966552 0.13300173010380623
3 0.4483852364475202 0.25421712802768165 0.17531718569780855 0.04217128027681661
0 0.7968569780853518 0.2572448096885813 0.07929642445213379 0.0231401384083045
0 0.4480968858131488 0.3235294117647059 0.7756632064590543 0.09731833910034603
3 0.44305074971164937 0.39565311418685123 0.25230680507497116 0.04909169550173011
3 0.31401384083044986 0.42755190311418684 0.11245674740484429 0.025519031141868515
3 0.2970011534025375 0.4594506920415225 0.2243367935409458 0.04173875432525952
3 0.4426182237600923 0.49329584775086505 0.26009227220299885 0.03243944636678201
3 0.44694348327566324 0.5832612456747405 0.447520184544406 0.054498269896193774
3 0.44694348327566324 0.6576557093425606 0.23875432525951557 0.05406574394463668
3 0.3412629757785467 0.7076124567474049 0.18886966551326415 0.04065743944636678
3 0.3633217993079585 0.7560553633217993 0.3829296424452134 0.04757785467128028
3 0.4354094579008074 0.8024437716262977 0.4013840830449827 0.04649653979238755
0 0.17517301038062283 0.42517301038062283 0.16234140715109574 0.02378892733564014
0 0.42387543252595156 0.4280925605536332 0.10034602076124567 0.0231401384083045
0 0.14273356401384082 0.4619377162629758 0.09169550173010381 0.03243944636678201
0 0.43930219146482125 0.4619377162629758 0.05334486735870819 0.019463667820069204
0 0.3186274509803922 0.5192474048442907 0.46943483275663206 0.025951557093425608
0 0.1384083044982699 0.5454152249134948 0.11591695501730104 0.02422145328719723
0 0.06415801614763553 0.6191608996539792 0.06257208765859285 0.02378892733564014
0 0.16118800461361016 0.7059904844290658 0.16724336793540948 0.027465397923875434
0 0.48486159169550175 0.704909169550173 0.10524798154555941 0.025302768166089964
0 0.12081891580161477 0.7557309688581315 0.10380622837370243 0.0296280276816609
0 0.5906862745098039 0.7541089965397925 0.0591118800461361 0.025519031141868515
0 0.2840253748558247 0.8681877162629758 0.4273356401384083 0.033953287197231834
0 0.46957900807381775 0.9271193771626298 0.8203575547866205 0.02422145328719723
0 0.826845444059977 0.9727508650519031 0.06430219146482122 0.019463667820069204
