0 0.5418108419838524 0.04692906574394464 0.8448673587081892 0.09039792387543252
1 0.45386389850057673 0.2329152249134948 0.5795847750865052 0.27292387543252594
0 0.7655709342560554 0.23810553633217993 0.034025374855824686 0.26600346020761245
0 0.8961937716262977 0.4156574394463668 0.20703575547866207 0.6267301038062284
0 0.08765859284890427 0.2671929065743945 0.14417531718569782 0.3189878892733564
0 0.0929930795847751 0.44431228373702425 0.12889273356401384 0.026600346020761247
0 0.09991349480968859 0.5365484429065744 0.13985005767012687 0.14922145328719724
0 0.2489907727797001 0.4951340830449827 0.14561707035755478 0.22988754325259517
0 0.40470011534025374 0.5627162629757786 0.15138408304498271 0.3693771626297578
0 0.5557958477508651 0.4697231833910035 0.14907727797001155 0.189878892733564
0 0.5575259515570934 0.5803416955017301 0.14850057670126876 0.02703287197231834
0 0.5622837370242215 0.6697664359861591 0.14648212226066898 0.14230103806228375
0 0.717560553633218 0.5543901384083045 0.15715109573241062 0.36224048442906576
0 0.08794694348327567 0.6302984429065744 0.058246828143021914 0.01578719723183391
0 0.10380622837370243 0.6530060553633218 0.11476355247981546 0.020112456747404844
0 0.10741061130334487 0.7429714532871973 0.13465974625144175 0.15895328719723184
0 0.24841407151095732 0.7268598615916956 0.13985005767012687 0.1903114186851211
0 0.4865916955017301 0.7751946366782008 0.2673010380622837 0.03827854671280277
0 0.44694348327566324 0.8011461937716263 0.17531718569780855 0.013624567474048443
1 0.7042964244521338 0.7813581314878894 0.16349480968858132 0.09083044982698962
1 0.9077277970011535 0.8070934256055363 0.1839677047289504 0.12802768166089964
1 0.6606113033448674 0.8636461937716263 0.20184544405997693 0.029195501730103806
1 0.49927912341407155 0.9049524221453288 0.08217993079584775 0.05341695501730104
1 0.596885813148789 0.8548875432525952 0.04671280276816609 0.019463667820069204
1 0.191320645905421 0.8963019031141869 0.21482122260668973 0.07417820069204152
0 0.6663783160322952 0.8993295847750865 0.17589388696655134 0.03784602076124568
0 0.8600057670126875 0.8798659169550174 0.06718569780853519 0.01189446366782007
0 0.9034025374855825 0.9022491349480969 0.19261822376009227 0.037197231833910036
0 0.6257208765859285 0.8406141868512111 0.14071510957324107 0.01124567474048443
0 0.39749134948096887 0.8946799307958477 0.1254325259515571 0.04801038062283737
0 0.37153979238754326 0.8433174740484429 0.11678200692041522 0.013624567474048443
0 0.15527681660899653 0.8494809688581315 0.15138408304498271 0.012975778546712804
0 0.0666089965397924 0.8798659169550174 0.020184544405997693 0.044333910034602075
