3 0.19391580161476357 0.039684256055363326 0.17502883506343714 0.020544982698961937
3 0.3419838523644752 0.044550173010380625 0.1182237600922722 0.02378892733564014
3 0.523356401384083 0.04725346020761246 0.2370242214532872 0.020544982698961937
0 0.07713379469434833 0.03990051903114187 0.04411764705882353 0.018814878892733564
0 0.4466551326412918 0.092560553633218 0.8016147635524798 0.08217993079584775
3 0.4495386389850058 0.15105968858131488 0.29123414071510956 0.02487024221453287
3 0.3954728950403691 0.171280276816609 0.5839100346020761 0.023356401384083045
0 0.8189158016147636 0.1566825259515571 0.049596309111880045 0.020977508650519033
0 0.07021337946943483 0.16911764705882354 0.04757785467128028 0.01903114186851211
0 0.2374567474048443 0.19993512110726644 0.2926758938869666 0.03827854671280277
0 0.2616782006920415 0.2907655709342561 0.43742791234140715 0.1347318339100346
0 0.2585063437139562 0.4437716262975779 0.4455017301038062 0.16262975778546712
1 0.6829584775086506 0.38181228373702425 0.37918108419838525 0.377378892733564
0 0.6874279123414072 0.5865051903114187 0.22491349480968859 0.023356401384083045
3 0.2559111880046136 0.5543901384083045 0.2546136101499423 0.04649653979238755
0 0.44982698961937717 0.5640138408304498 0.06862745098039216 0.019463667820069204
0 0.2573529411764706 0.6019679930795848 0.47202998846597466 0.04649653979238755
0 0.4602076124567474 0.7784385813148789 0.8881199538638985 0.30990484429065746
3 0.461361014994233 0.9444204152249135 0.2647058823529412 0.029844290657439446
0 0.8628892733564014 0.9366349480968859 0.06545559400230681 0.02378892733564014
0 0.857843137254902 0.9801038062283738 0.13494809688581316 0.025519031141868515
0 0.947520184544406 0.8600778546712803 0.040369088811995385 0.028546712802768166
0 0.9476643598615917 0.9184688581314879 0.0331603229527105 0.06963667820069204
