0 0.6699826989619377 0.028871107266435988 0.2177047289504037 0.01838235294117647
0 0.8278546712802768 0.030709342560553635 0.02306805074971165 0.02119377162629758
1 0.7972895040369089 0.029844290657439446 0.034025374855824686 0.030276816608996542
1 0.27941176470588236 0.12099913494809689 0.31430219146482125 0.10099480968858132
1 0.6091407151095732 0.12337802768166091 0.32497116493656286 0.13300173010380623
1 0.31718569780853517 0.36375432525951557 0.37831603229527105 0.12283737024221454
1 0.6606113033448674 0.3688365051903114 0.23356401384083045 0.1092128027681661
0 0.28114186851211076 0.1923659169550173 0.03114186851211073 0.020112456747404844
0 0.6286043829296425 0.1985294117647059 0.02825836216839677 0.015138408304498271
0 0.4455017301038062 0.2118295847750865 0.22722029988465975 0.020977508650519033
0 0.4455017301038062 0.2634083044982699 0.8166089965397925 0.060553633217993084
0 0.3236735870818916 0.4429065743944637 0.021049596309111882 0.019463667820069204
0 0.6528258362168397 0.4407439446366782 0.031718569780853516 0.019463667820069204
0 0.455161476355248 0.46539792387543255 0.17445213379469435 0.023356401384083045
0 0.11966551326412918 0.5443339100346021 0.18223760092272204 0.025519031141868515
0 0.26571510957324107 0.5873702422145329 0.45703575547866204 0.021626297577854673
0 0.10524798154555941 0.6362456747404844 0.14648212226066898 0.019896193771626297
0 0.15715109573241062 0.6997188581314879 0.26874279123414074 0.02487024221453287
0 0.08001730103806229 0.759515570934256 0.10294117647058824 0.02119377162629758
0 0.4544405997693195 0.845696366782007 0.856401384083045 0.10056228373702422
0 0.05002883506343714 0.9354455017301039 0.05046136101499423 0.020544982698961937
0 0.8532295271049597 0.9665873702422145 0.03748558246828143 0.017949826989619378
3 0.44982698961937717 0.5097318339100346 0.18223760092272204 0.037197231833910036
3 0.45170126874279126 0.5632569204152249 0.19463667820069205 0.0296280276816609
3 0.45098039215686275 0.6086721453287197 0.14417531718569782 0.025302768166089964
3 0.4541522491349481 0.6649005190311419 0.185121107266436 0.04909169550173011
3 0.4488177623990773 0.7267517301038062 0.36188004613610153 0.03784602076124568
3 0.45299884659746253 0.777681660899654 0.21337946943483277 0.04757785467128028
3 0.45876585928489044 0.9068987889273357 0.21337946943483277 0.031358131487889275
3 0.46539792387543255 0.9525302768166091 0.06343713956170703 0.0231401384083045
