0 0.6740196078431373 0.030168685121107267 0.27191464821222605 0.026600346020761247
0 0.8592848904267589 0.033412629757785466 0.0196078431372549 0.018814878892733564
1 0.8294405997693195 0.032871972318339104 0.036043829296424454 0.0263840830449827
1 0.2850346020761246 0.35532006920415227 0.3013264129181084 0.14273356401384082
1 0.6552768166089966 0.34807525951557095 0.27191464821222605 0.1758217993079585
0 0.48298731257208766 0.07342128027681662 0.779123414071511 0.04606401384083045
0 0.4826989619377163 0.14176038062283738 0.7871972318339101 0.061634948096885814
0 0.0929930795847751 0.20642301038062286 0.027970011534025375 0.020977508650519033
0 0.8480392156862745 0.2390787197231834 0.060553633217993084 0.016219723183391006
3 0.4812572087658593 0.10207612456747406 0.06343713956170703 0.015570934256055364
3 0.4832756632064591 0.1810121107266436 0.06343713956170703 0.019896193771626297
3 0.47722029988465975 0.23432093425605538 0.05997693194925029 0.03352076124567474
3 0.4808246828143022 0.6565743944636678 0.0729527104959631 0.03892733564013841
3 0.47621107266435986 0.7283737024221454 0.12831603229527105 0.04541522491349481
0 0.290080738177624 0.4493944636678201 0.24798154555940025 0.02378892733564014
0 0.6620530565167243 0.45188148788927335 0.24221453287197234 0.022275086505190313
0 0.4786620530565167 0.5540657439446367 0.8483275663206459 0.16392733564013842
0 0.34818339100346024 0.6919333910034602 0.542964244521338 0.025302768166089964
0 0.8729815455594002 0.7243728373702423 0.08160322952710496 0.025302768166089964
0 0.48010380622837373 0.8589965397923875 0.9019607843137255 0.22448096885813149
0 0.8835063437139562 0.9855103806228374 0.02883506343713956 0.01903114186851211
