0 0.7201557093425606 0.04152249134948097 0.22981545559400232 0.02119377162629758
0 0.8830738177623991 0.04779411764705883 0.022202998846597464 0.019463667820069204
1 0.8542387543252595 0.044550173010380625 0.03373702422145329 0.028114186851211073
0 0.21381199538638987 0.06174307958477509 0.11389850057670127 0.016219723183391006
0 0.5031718569780854 0.11267301038062284 0.7750865051903114 0.07785467128027682
0 0.5017301038062284 0.191068339100346 0.7837370242214533 0.08109861591695502
0 0.4998558246828143 0.2834126297577855 0.8088235294117647 0.10488754325259515
0 0.49913494809688586 0.39111159169550175 0.8131487889273357 0.1092128027681661
0 0.4894752018454441 0.5243295847750865 0.8370818915801616 0.15722318339100347
0 0.1831026528258362 0.6129974048442907 0.1447520184544406 0.020977508650519033
0 0.48875432525951557 0.6856617647058824 0.8558246828143022 0.12002595155709343
0 0.2825836216839677 0.7676254325259516 0.45213379469434833 0.04692906574394464
0 0.16796424452133796 0.8038494809688581 0.15080738177623992 0.025519031141868515
0 0.2779700115340254 0.8900302768166091 0.4671280276816609 0.1481401384083045
0 0.5879469434832757 0.9168468858131488 0.05767012687427912 0.0166522491349481
0 0.7696078431372549 0.9168468858131488 0.19607843137254902 0.017949826989619378
0 0.7071799307958477 0.9503676470588236 0.31228373702422146 0.024437716262975778
1 0.5856401384083045 0.8352076124567475 0.08650519031141869 0.1379757785467128
1 0.7658592848904268 0.8362889273356402 0.2537485582468281 0.14230103806228375
