0 0.6779123414071511 0.037197231833910036 0.21914648212226068 0.02119377162629758
0 0.8380911188004614 0.03914359861591696 0.018742791234140715 0.019463667820069204
1 0.8081026528258363 0.03903546712802768 0.03546712802768166 0.03352076124567474
0 0.8203575547866205 0.13505622837370243 0.058246828143021914 0.020112456747404844
0 0.8242502883506344 0.260272491349481 0.056228373702422146 0.020544982698961937
0 0.33477508650519033 0.20339532871972318 0.5074971164936563 0.02487024221453287
0 0.23976355247981546 0.29563148788927335 0.38783160322952714 0.02119377162629758
0 0.42387543252595156 0.41998269896193774 0.6983852364475202 0.023356401384083045
0 0.06343713956170703 0.4967560553633218 0.06401384083044982 0.019896193771626297
0 0.2169838523644752 0.6845804498269896 0.31516724336793545 0.020544982698961937
0 0.6408592848904268 0.6807958477508651 0.26038062283737023 0.01730103806228374
0 0.10625720876585928 0.7676254325259516 0.09948096885813149 0.0231401384083045
0 0.10741061130334487 0.816068339100346 0.0989042675893887 0.022707612456747406
0 0.19535755478662054 0.8633217993079585 0.2673010380622837 0.023356401384083045
0 0.2706170703575548 0.8887326989619377 0.13985005767012687 0.020112456747404844
0 0.16291810841983853 0.9103589965397925 0.21280276816608998 0.024437716262975778
0 0.8344867358708189 0.9739403114186852 0.040369088811995385 0.016219723183391006
3 0.4524221453287197 0.1258650519031142 0.20184544405997693 0.13451557093425606
3 0.4479527104959631 0.2521626297577855 0.15715109573241062 0.06704152249134948
3 0.4505478662053057 0.33704584775086505 0.15080738177623992 0.044333910034602075
3 0.45271049596309115 0.37002595155709345 0.06978085351787774 0.021626297577854673
3 0.452277970011534 0.39597750865051906 0.18886966551326415 0.025951557093425608
3 0.45126874279123413 0.45025951557093424 0.276239907727797 0.023356401384083045
3 0.45674740484429066 0.4751297577854671 0.08073817762399077 0.023356401384083045
1 0.21626297577854672 0.5897491349480969 0.22722029988465975 0.15095155709342561
1 0.6423010380622838 0.5929930795847751 0.3901384083044983 0.12932525951557095
3 0.4404555940023068 0.729779411764706 0.1519607843137255 0.050389273356401386
3 0.455161476355248 0.7897923875432526 0.14273356401384082 0.02768166089965398
3 0.4544405997693195 0.8381271626297578 0.06343713956170703 0.022707612456747406
3 0.4426182237600923 0.8649437716262977 0.2053056516724337 0.024437716262975778
3 0.7103517877739332 0.8557525951557093 0.327277970011534 0.029844290657439446
3 0.10524798154555941 0.8873269896193772 0.1724336793540946 0.02378892733564014
3 0.45271049596309115 0.9447448096885813 0.2993079584775087 0.04865916955017301
