0 0.6509515570934257 0.01773356401384083 0.27306805074971163 0.01773356401384083
0 0.8386678200692042 0.02022058823529412 0.021626297577854673 0.020544982698961937
1 0.8095444059976932 0.02022058823529412 0.036620530565167245 0.029195501730103806
1 0.3630334486735871 0.48107698961937717 0.4152249134948097 0.1420847750865052
1 0.7047289504036909 0.4789143598615917 0.1182237600922722 0.13992214532871972
0 0.3755767012687428 0.053957612456747406 0.5354671280276817 0.025302768166089964
0 0.12326989619377163 0.11342993079584776 0.1375432525951557 0.025302768166089964
0 0.30377739331026526 0.16890138408304498 0.4310841983852365 0.02378892733564014
0 0.46929065743944637 0.22480536332179932 0.8180507497116494 0.0426038062283737
0 0.8308823529411765 0.19615051903114186 0.0591118800461361 0.01903114186851211
0 0.06877162629757785 0.2985510380622837 0.018742791234140715 0.016219723183391006
0 0.07972895040369089 0.34180363321799306 0.04181084198385237 0.020544982698961937
0 0.8383794694348328 0.3705666089965398 0.06430219146482122 0.022707612456747406
0 0.461361014994233 0.5762326989619377 0.17935409457900808 0.022275086505190313
0 0.43151672433679356 0.6124567474048443 0.722318339100346 0.023356401384083045
0 0.0990484429065744 0.6414359861591695 0.05334486735870819 0.01730103806228374
0 0.21626297577854672 0.7054498269896194 0.2820069204152249 0.10121107266435986
0 0.466118800461361 0.9503676470588236 0.18886966551326415 0.0166522491349481
0 0.8712514417531719 0.9722102076124568 0.04757785467128028 0.02487024221453287
3 0.45948673587081895 0.08618079584775087 0.49163783160322955 0.04217128027681661
3 0.46424452133794697 0.13938148788927335 0.08881199538638986 0.037413494809688586
3 0.45660322952710497 0.19290657439446368 0.14273356401384082 0.025519031141868515
3 0.4541522491349481 0.26535467128027684 0.12918108419838525 0.04368512110726644
3 0.46251441753171857 0.31833910034602075 0.12687427912341406 0.025519031141868515
3 0.45804498269896193 0.3697015570934256 0.18021914648212226 0.04390138408304498
1 0.2116493656286044 0.8483996539792388 0.2364475201845444 0.16652249134948097
1 0.6120242214532872 0.8409385813148789 0.44896193771626297 0.1611159169550173
