0 0.529123414071511 0.003568339100346021 0.09573241061130335 0.007136678200692042
0 0.8653402537485583 0.006812283737024222 0.15282583621683968 0.013624567474048443
1 0.9541522491349481 0.006596020761245675 0.020184544405997693 0.01319204152249135
0 0.39186851211072665 0.04022491349480969 0.5536332179930796 0.04541522491349481
0 0.8463091118800462 0.108780276816609 0.24279123414071513 0.16652249134948097
0 0.8517877739331027 0.26373269896193774 0.2508650519031142 0.14554498269896193
0 0.7882064590542099 0.3527249134948097 0.12254901960784315 0.03460207612456748
0 0.3961937716262976 0.08585640138408304 0.4411764705882353 0.03633217993079585
0 0.1319204152249135 0.11418685121107267 0.07006920415224914 0.015138408304498271
0 0.1322087658592849 0.25054065743944637 0.11966551326412918 0.24329584775086505
0 0.45775663206459055 0.23756487889273356 0.5112456747404844 0.2649221453287197
1 0.9155132641291811 0.35510380622837373 0.11764705882352941 0.034169550173010384
1 0.615916955017301 0.3954368512110727 0.0461361014994233 0.020544982698961937
0 0.32122260668973474 0.40376297577854675 0.4757785467128028 0.022058823529411766
0 0.6643598615916955 0.39803200692041524 0.051903114186851215 0.01838235294117647
0 0.823961937716263 0.40354671280276816 0.2442329873125721 0.019463667820069204
0 0.7926758938869666 0.4311202422145329 0.3431372549019608 0.02487024221453287
0 0.3207900807381776 0.4383650519031142 0.4362745098039216 0.047145328719723184
0 0.1379757785467128 0.47945501730103807 0.07064590542099193 0.019896193771626297
1 0.08001730103806229 0.47783304498269896 0.047001153402537486 0.020977508650519033
1 0.3222318339100346 0.5813148788927336 0.2315455594002307 0.22923875432525953
0 0.12399077277970012 0.7418901384083045 0.1320645905420992 0.4855103806228374
0 0.32698961937716264 0.7035034602076125 0.2047289504036909 0.010813148788927337
0 0.32698961937716264 0.847318339100346 0.2566320645905421 0.25519031141868515
0 0.5204728950403691 0.7159385813148789 0.13033448673587084 0.5071366782006921
0 0.6578719723183392 0.875 0.1254325259515571 0.1859861591695502
0 0.7890715109573241 0.8584558823529412 0.1254325259515571 0.22210207612456748
0 0.9310841983852365 0.8586721453287197 0.13725490196078433 0.21734429065743946
0 0.6668108419838524 0.7605968858131488 0.05103806228373703 0.01773356401384083
1 0.620242214532872 0.7605968858131488 0.03748558246828143 0.0263840830449827
0 0.6578719723183392 0.5915873702422145 0.1254325259515571 0.28871107266435986
0 0.7910899653979239 0.5940743944636678 0.1254325259515571 0.291522491349481
0 0.930363321799308 0.5932093425605537 0.1386966551326413 0.2897923875432526
1 0.02249134948096886 0.5012975778546713 0.04498269896193772 0.9969723183391004
