0 0.28114186851211076 0.08380190311418685 0.40657439446366783 0.017949826989619378
0 0.7583621683967705 0.09137110726643599 0.05478662053056517 0.01578719723183391
0 0.16349480968858132 0.10899653979238755 0.17474048442906576 0.020761245674740483
0 0.629325259515571 0.16057525951557095 0.3491926182237601 0.1282439446366782
0 0.632641291810842 0.28881920415224915 0.35409457900807384 0.08801903114186851
0 0.2557670126874279 0.298659169550173 0.367358708189158 0.26600346020761245
0 0.6446078431372549 0.3745674740484429 0.36649365628604386 0.07352941176470588
0 0.2538927335640139 0.5274653979238755 0.382641291810842 0.1773356401384083
0 0.6581603229527105 0.5768814878892734 0.3855247981545559 0.03827854671280277
0 0.6707035755478662 0.7448096885813149 0.3990772779700115 0.296280276816609
0 0.2520184544405998 0.6637110726643599 0.39215686274509803 0.08650519031141869
0 0.12312572087658594 0.8940311418685122 0.16147635524798154 0.03243944636678201
0 0.47015570934256057 0.9037629757785467 0.08275663206459054 0.012975778546712804
2 0.2538927335640139 0.14143598615916955 0.35957324106113037 0.041089965397923874
3 0.6389850057670127 0.23410467128027682 0.33391003460207613 0.020112456747404844
1 0.6528258362168397 0.483780276816609 0.2560553633217993 0.14057093425605538
1 0.2518742791234141 0.7877378892733564 0.2846020761245675 0.15722318339100347
