1 0.2595155709342561 0.03308823529411765 0.4348327566320646 0.0661764705882353
1 0.12759515570934257 0.07612456747404844 0.055651672433679356 0.02768166089965398
1 0.30666089965397925 0.20231401384083045 0.36764705882352944 0.1676038062283737
1 0.34746251441753173 0.6603589965397924 0.13610149942329874 0.07677335640138408
0 0.28114186851211076 0.0807742214532872 0.24279123414071513 0.020544982698961937
0 0.25519031141868515 0.09591262975778547 0.49077277970011535 0.014057093425605537
0 0.7425028835063437 0.09958910034602077 0.4434832756632065 0.19917820069204153
0 0.7410611303344867 0.2858996539792388 0.46655132641291813 0.15095155709342561
0 0.6963667820069205 0.38375865051903113 0.3685121107266436 0.03827854671280277
0 0.7446655132641292 0.4724264705882353 0.47779700115340257 0.13775951557093427
0 0.31819492502883506 0.29422577854671284 0.330161476355248 0.01189446366782007
0 0.07569204152249136 0.33704584775086505 0.09717416378316032 0.42928200692041524
0 0.3121395617070358 0.40051903114186854 0.3641868512110727 0.19204152249134948
0 0.19607843137254902 0.5283304498269896 0.1389850057670127 0.056228373702422146
0 0.14417531718569782 0.5897491349480969 0.23875432525951557 0.06531141868512111
0 0.38494809688581316 0.55655276816609 0.22549019607843138 0.11786332179930796
0 0.459919261822376 0.6530060553633218 0.08131487889273356 0.07936851211072665
0 0.15498846597462515 0.6618728373702423 0.24596309111880046 0.044333910034602075
0 0.5579584775086506 0.5524437716262975 0.08016147635524798 0.01578719723183391
0 0.7482698961937716 0.579476643598616 0.4677047289504037 0.03179065743944637
0 0.751441753171857 0.6488970588235294 0.4671280276816609 0.1092128027681661
0 0.1787773933102653 0.7270761245674741 0.30046136101499427 0.01773356401384083
0 0.2905132641291811 0.7613538062283737 0.5210495963091119 0.04217128027681661
0 0.09544405997693195 0.853265570934256 0.11534025374855825 0.11353806228373703
0 0.10092272202998846 0.9420415224913495 0.12168396770472896 0.043252595155709346
0 0.3003171856978085 0.8657006920415226 0.27249134948096887 0.16868512110726644
0 0.5728085351787774 0.9328503460207612 0.2378892733564014 0.01838235294117647
0 0.15397923875432526 0.9763192041522492 0.07785467128027682 0.01448961937716263
0 0.24726066897347174 0.9700475778546713 0.06718569780853519 0.014057093425605537
0 0.5961649365628604 0.9633434256055363 0.5989042675893888 0.011461937716262976
0 0.5010092272203 0.8519679930795848 0.11908881199538639 0.1347318339100346
0 0.6350922722029989 0.8166089965397925 0.12485582468281431 0.2054498269896194
0 0.8491926182237601 0.8384515570934257 0.26182237600922725 0.23313148788927338
