0 0.6300461361014994 0.033953287197231834 0.24163783160322955 0.022058823529411766
0 0.7745098039215687 0.03525086505190311 0.020184544405997693 0.019463667820069204
0 0.8340542099192618 0.03698096885813149 0.018166089965397925 0.01730103806228374
1 0.8073817762399077 0.036440311418685124 0.03806228373702422 0.029195501730103806
1 0.455161476355248 0.1453287197231834 0.39936562860438296 0.17906574394463667
1 0.3352076124567474 0.4040873702422145 0.2701845444059977 0.1611159169550173
1 0.6062572087658593 0.40776384083044986 0.21828143021914648 0.1546280276816609
1 0.24480968858131488 0.6319204152249135 0.3489042675893887 0.13451557093425606
1 0.6819492502883506 0.6311634948096886 0.33967704728950404 0.13083910034602075
1 0.35395040369088815 0.8786764705882353 0.21828143021914648 0.1384083044982699
1 0.5800173010380623 0.8629974048442907 0.1715686274509804 0.16327854671280279
0 0.45963091118800464 0.24502595155709345 0.26239907727797 0.021626297577854673
0 0.45703575547866204 0.2934688581314879 0.798154555940023 0.06228373702422146
0 0.4581891580161476 0.496431660899654 0.20761245674740486 0.020544982698961937
0 0.34573241061130333 0.5375216262975778 0.5680507497116494 0.04217128027681661
0 0.2367358708189158 0.7135596885813149 0.22202998846597463 0.0231401384083045
0 0.6833910034602076 0.709234429065744 0.21972318339100347 0.020977508650519033
0 0.44405997693194926 0.757893598615917 0.7635524798154556 0.04692906574394464
0 0.45847750865051906 0.9590181660899654 0.185121107266436 0.020977508650519033
0 0.8588523644752019 0.9798875432525952 0.036043829296424454 0.01730103806228374
