0 0.4739042675893887 0.063689446366782 0.7828719723183392 0.04909169550173011
0 0.4803921568627451 0.10315743944636678 0.3546712802768166 0.019896193771626297
2 0.47606689734717417 0.24502595155709345 0.8102652825836217 0.26600346020761245
0 0.4786620530565167 0.42322664359861595 0.38581314878892736 0.032871972318339104
0 0.4743367935409458 0.5151384083044983 0.8212226066897348 0.11937716262975778
0 0.2295271049596309 0.5897491349480969 0.24798154555940025 0.02119377162629758
0 0.4786620530565167 0.6873918685121108 0.842560553633218 0.17192906574394465
0 0.23168973471741638 0.7876297577854672 0.2840253748558247 0.02119377162629758
0 0.4803921568627451 0.8752162629757786 0.8592848904267589 0.15095155709342561
0 0.952277970011534 0.8616998269896194 0.04411764705882353 0.022275086505190313
0 0.9547289504036909 0.9187932525951558 0.02883506343713956 0.06379757785467129
0 0.8672145328719724 0.9777249134948097 0.13465974625144175 0.019463667820069204
