0 0.23327566320645907 0.05384948096885813 0.3662053056516724 0.025951557093425608
0 0.8044982698961938 0.05968858131487889 0.05478662053056517 0.021626297577854673
1 0.23370818915801617 0.12694636678200694 0.13465974625144175 0.12326989619377163
1 0.23889850057670128 0.25097318339100344 0.3468858131487889 0.12608131487889274
1 0.6552768166089966 0.19917820069204153 0.2378892733564014 0.2530276816608997
1 0.6917531718569782 0.44171712802768165 0.2301038062283737 0.1152681660899654
1 0.6859861591695502 0.5826124567474049 0.2877739331026528 0.1652249134948097
1 0.23760092272202998 0.46226211072664364 0.3633217993079585 0.08715397923875433
0 0.23414071510957324 0.3634299307958478 0.4163783160322953 0.09450692041522492
0 0.6629181084198386 0.3490484429065744 0.3973471741637832 0.04411764705882353
0 0.23947520184544407 0.7329152249134948 0.4362745098039216 0.4467993079584775
0 0.6933391003460208 0.8075259515570935 0.43281430219146483 0.2789792387543253
