0 0.7103517877739332 0.05363321799307959 0.22347174163783162 0.02378892733564014
0 0.8667820069204153 0.058823529411764705 0.020184544405997693 0.01903114186851211
1 0.8405420991926182 0.05687716262975779 0.03114186851211073 0.030276816608996542
0 0.22563437139561707 0.07039359861591696 0.20559400230680508 0.01838235294117647
0 0.49841407151095735 0.13429930795847753 0.7655709342560554 0.10596885813148789
0 0.32799884659746253 0.327530276816609 0.1519607843137255 0.0166522491349481
0 0.6663783160322952 0.3359645328719723 0.12975778546712805 0.01838235294117647
1 0.489042675893887 0.25594723183391005 0.6459054209919262 0.12218858131487889
0 0.4971164936562861 0.35510380622837373 0.17012687427912343 0.01903114186851211
0 0.24610726643598616 0.3938148788927336 0.3186274509803922 0.02378892733564014
0 0.4854382929642445 0.4461505190311419 0.8088235294117647 0.06271626297577855
0 0.22563437139561707 0.4891868512110727 0.20963091118800461 0.022058823529411766
0 0.48760092272203 0.5697448096885813 0.8304498269896194 0.13256920415224913
0 0.30565167243367936 0.8349913494809689 0.12168396770472896 0.015138408304498271
0 0.6649365628604383 0.8371539792387543 0.12110726643598617 0.01730103806228374
0 0.48298731257208766 0.8640787197231834 0.25432525951557095 0.020544982698961937
1 0.296280276816609 0.733023356401384 0.3295847750865052 0.17019896193771628
1 0.6704152249134948 0.7317257785467128 0.3235294117647059 0.16544117647058823
0 0.19679930795847753 0.8957612456747405 0.21828143021914648 0.0263840830449827
0 0.47722029988465975 0.9330666089965398 0.8685121107266436 0.04822664359861592
0 0.8693771626297578 0.9743728373702423 0.03690888119953864 0.01838235294117647
