0 0.6704152249134948 0.05958044982698962 0.20991926182237602 0.020544982698961937
0 0.823529411764706 0.06206747404844291 0.01730103806228374 0.016868512110726645
1 0.7958477508650519 0.06098615916955018 0.03517877739331027 0.029844290657439446
0 0.4649653979238754 0.10445501730103807 0.7373125720876587 0.03892733564013841
0 0.4476643598615917 0.14013840830449828 0.7719146482122261 0.03460207612456748
0 0.2847462514417532 0.16619809688581316 0.44319492502883506 0.020544982698961937
0 0.4707324106113034 0.19831314878892733 0.741926182237601 0.045847750865051905
0 0.23313148788927338 0.24610726643598616 0.27249134948096887 0.01730103806228374
0 0.4524221453287197 0.288386678200692 0.7814302191464821 0.07028546712802769
0 0.09010957324106113 0.32936851211072665 0.07583621683967705 0.015138408304498271
3 0.4581891580161476 0.23075259515570934 0.13552479815455595 0.022058823529411766
3 0.45775663206459055 0.5700692041522492 0.16234140715109574 0.019463667820069204
3 0.46064013840830453 0.6454368512110726 0.14619377162629757 0.04173875432525952
3 0.46453287197231835 0.6995025951557093 0.40657439446366783 0.022275086505190313
3 0.45804498269896193 0.926794982698962 0.2696078431372549 0.06596020761245674
1 0.2174163783160323 0.4354455017301038 0.265282583621684 0.1611159169550173
1 0.6754613610149942 0.4345804498269896 0.28748558246828143 0.17365916955017302
0 0.2112168396770473 0.5356833910034602 0.22289504036908883 0.02422145328719723
0 0.6769031141868512 0.5383866782006921 0.28633217993079585 0.022275086505190313
0 0.23976355247981546 0.6040224913494809 0.3070934256055363 0.03892733564013841
0 0.46957900807381775 0.6773356401384083 0.7828719723183392 0.02422145328719723
0 0.1506632064590542 0.7018814878892734 0.2171280276816609 0.022707612456747406
0 0.6949250288350635 0.6978806228373703 0.051326412918108424 0.02119377162629758
0 0.1564302191464821 0.7246972318339101 0.1519607843137255 0.019463667820069204
0 0.45170126874279126 0.7541089965397925 0.8318915801614764 0.045847750865051905
0 0.4534313725490196 0.8339100346020761 0.8238177623990773 0.11678200692041522
0 0.8264129181084199 0.9700475778546713 0.040369088811995385 0.01838235294117647
