0 0.7087658592848904 0.06985294117647059 0.13552479815455595 0.021626297577854673
1 0.798154555940023 0.06985294117647059 0.043252595155709346 0.03243944636678201
0 0.3757208765859285 0.16933391003460208 0.6718569780853518 0.1448961937716263
0 0.3757208765859285 0.3742430795847751 0.6891580161476355 0.13083910034602075
0 0.37139561707035756 0.5402249134948097 0.7093425605536332 0.043252595155709346
0 0.3721164936562861 0.7164792387543253 0.7165513264129181 0.13624567474048443
0 0.3865340253748558 0.8916522491349481 0.7107843137254902 0.03676470588235294
1 0.10683391003460208 0.28125 0.16291810841983853 0.03352076124567474
1 0.10034602076124567 0.4866998269896194 0.16147635524798154 0.035683391003460206
1 0.10322952710495964 0.6121323529411765 0.18742791234140715 0.03352076124567474
1 0.08664936562860438 0.8392084775086506 0.16580161476355249 0.031358131487889275
