3 0.44333910034602075 0.07580017301038063 0.12485582468281431 0.044333910034602075
3 0.43901384083044986 0.16857698961937717 0.4016724336793541 0.12391868512110726
3 0.4368512110726644 0.44571799307958476 0.2358708189158016 0.12326989619377163
3 0.4339677047289504 0.5662846020761246 0.16782006920415227 0.02703287197231834
3 0.43641868512110726 0.6719290657439446 0.2926758938869666 0.1323529411764706
1 0.6548442906574394 0.2999567474048443 0.29123414071510956 0.1258650519031142
1 0.7869088811995386 0.03687283737024222 0.03460207612456748 0.031358131487889275
0 0.6430219146482122 0.032871972318339104 0.24855824682814304 0.025519031141868515
0 0.8128604382929643 0.036440311418685124 0.01730103806228374 0.020544982698961937
0 0.08405420991926182 0.10207612456747406 0.08506343713956172 0.02119377162629758
0 0.2501441753171857 0.307742214532872 0.44319492502883506 0.14922145328719724
0 0.6513840830449827 0.37564878892733566 0.16724336793540948 0.0263840830449827
0 0.4346885813148789 0.5318987889273357 0.8295847750865052 0.04044117647058824
0 0.20876585928489044 0.5910467128027682 0.3863898500576701 0.025951557093425608
0 0.43223760092272207 0.7976859861591695 0.8535178777393311 0.12218858131487889
0 0.10957324106113034 0.8930579584775087 0.21395617070357556 0.037413494809688586
0 0.4416089965397924 0.933931660899654 0.8261245674740485 0.035683391003460206
0 0.8217993079584776 0.9615051903114187 0.029411764705882353 0.019463667820069204
