0 0.6934832756632064 0.05687716262975779 0.1908881199538639 0.021626297577854673
0 0.4202710495963091 0.10823961937716263 0.7373125720876587 0.040008650519031144
1 0.24769319492502884 0.2410250865051903 0.1845444059976932 0.19398788927335642
1 0.5875144175317186 0.24016003460207613 0.183679354094579 0.20436851211072665
0 0.2489907727797001 0.3572664359861592 0.09371395617070358 0.02119377162629758
0 0.5932814302191465 0.3556444636678201 0.07583621683967705 0.020977508650519033
0 0.42675893886966554 0.46085640138408307 0.7877739331026529 0.1578719723183391
1 0.21554209919261824 0.6667387543252595 0.2961361014994233 0.22058823529411764
1 0.629325259515571 0.6760380622837371 0.3238177623990773 0.17949826989619377
0 0.6397058823529412 0.7892517301038062 0.09371395617070358 0.0231401384083045
0 0.2107843137254902 0.8016868512110726 0.09515570934256055 0.03200692041522491
0 0.15614186851211073 0.8752162629757786 0.18021914648212226 0.028546712802768166
0 0.4397347174163783 0.9343641868512111 0.8483275663206459 0.06379757785467129
0 0.8114186851211073 0.9860510380622838 0.06920415224913495 0.0231401384083045
