0 0.6567185697808535 0.06152681660899654 0.22577854671280279 0.017949826989619378
0 0.8174740484429066 0.06531141868512111 0.02364475201845444 0.01903114186851211
1 0.7876297577854672 0.06314878892733564 0.036043829296424454 0.028546712802768166
3 0.44982698961937717 0.09688581314878893 0.14359861591695502 0.025951557093425608
0 0.8008938869665514 0.10261678200692041 0.05392156862745098 0.0166522491349481
0 0.44506920415224915 0.155060553633218 0.7684544405997693 0.09775086505190311
0 0.2047289504036909 0.37153979238754326 0.13610149942329874 0.01730103806228374
0 0.4282006920415225 0.37564878892733566 0.13610149942329874 0.01773356401384083
0 0.7151095732410612 0.3815960207612457 0.13033448673587084 0.017949826989619378
1 0.17618223760092272 0.278871107266436 0.20761245674740486 0.14121972318339102
1 0.4106113033448674 0.29044117647058826 0.2306805074971165 0.14273356401384082
1 0.6722895040369089 0.29260380622837373 0.26095732410611305 0.15138408304498271
0 0.4479527104959631 0.408628892733564 0.3359284890426759 0.020977508650519033
0 0.13739907727797002 0.4383650519031142 0.11678200692041522 0.01773356401384083
0 0.3478950403690888 0.45966695501730104 0.529123414071511 0.02487024221453287
3 0.44405997693194926 0.4938365051903114 0.1447520184544406 0.029195501730103806
0 0.8145905420991927 0.49405276816609 0.05536332179930796 0.017949826989619378
0 0.290080738177624 0.516219723183391 0.41810841983852365 0.01773356401384083
0 0.44333910034602075 0.6051038062283737 0.8226643598615917 0.15354671280276816
0 0.11245674740484429 0.6975562283737025 0.16493656286043828 0.01838235294117647
0 0.44478085351787777 0.7191825259515571 0.8255478662053056 0.020544982698961937
0 0.2378892733564014 0.7413494809688581 0.41291810841983856 0.02378892733564014
0 0.4414648212226067 0.7757352941176471 0.8275663206459054 0.047145328719723184
0 0.18959054209919263 0.8114186851211073 0.33246828143021917 0.025519031141868515
0 0.44016724336793545 0.8449394463667821 0.8347750865051904 0.04801038062283737
0 0.15397923875432526 0.8838667820069205 0.2595155709342561 0.02422145328719723
0 0.4418973471741638 0.9027897923875433 0.8324682814302192 0.026600346020761247
0 0.2808535178777393 0.930363321799308 0.5046136101499423 0.02422145328719723
0 0.22707612456747406 0.956098615916955 0.33246828143021917 0.025951557093425608
0 0.5067762399077278 0.9525302768166091 0.20559400230680508 0.025302768166089964
0 0.7240484429065744 0.9438797577854672 0.21626297577854672 0.026600346020761247
0 0.8189158016147636 0.9733996539792388 0.04382929642445214 0.021626297577854673
