0 0.4948096885813149 0.08023356401384084 0.73760092272203 0.041089965397923874
0 0.2778258362168397 0.11115916955017302 0.382641291810842 0.02249134948096886
0 0.49134948096885817 0.14316608996539792 0.7364475201845444 0.043252595155709346
0 0.2778258362168397 0.17322664359861592 0.3901384083044983 0.019463667820069204
3 0.5063437139561707 0.2293468858131488 0.2952710495963091 0.08585640138408304
0 0.8385236447520185 0.2625432525951557 0.05594002306805075 0.020761245674740483
0 0.10870818915801615 0.23734861591695502 0.061707035755478666 0.06120242214532872
0 0.4707324106113034 0.2945501730103806 0.7990196078431373 0.03892733564013841
0 0.47217416378316035 0.3407223183391004 0.8036332179930796 0.04606401384083045
0 0.8451557093425606 0.37067474048442905 0.05767012687427912 0.020761245674740483
3 0.47015570934256057 0.37543252595155713 0.16349480968858132 0.021626297577854673
0 0.47419261822376013 0.465181660899654 0.813437139561707 0.1578719723183391
3 0.32021337946943484 0.570393598615917 0.35957324106113037 0.04822664359861592
0 0.6451845444059977 0.5599048442906575 0.21193771626297578 0.024653979238754325
0 0.47707612456747406 0.6067257785467128 0.30017301038062283 0.0231401384083045
0 0.18267012687427914 0.6312716262975778 0.25 0.022923875432525952
0 0.49048442906574397 0.6532223183391004 0.7883506343713956 0.022275086505190313
0 0.08376585928489043 0.6777681660899654 0.04988465974625144 0.018166089965397925
0 0.4736159169550173 0.7775735294117647 0.8353517877739332 0.17019896193771628
3 0.47015570934256057 0.8778114186851211 0.1709919261822376 0.030276816608996542
0 0.4678489042675894 0.9246323529411765 0.854959630911188 0.07201557093425606
0 0.9447808535178778 0.8770544982698962 0.047001153402537486 0.0231401384083045
0 0.9466551326412919 0.9318771626297578 0.025951557093425608 0.057525951557093426
0 0.865916955017301 0.989294982698962 0.12572087658592848 0.020977508650519033
