1 0.11577277970011535 0.03427768166089965 0.10236447520184545 0.020544982698961937
0 0.5046136101499423 0.033412629757785466 0.08016147635524798 0.03525086505190311
0 0.882641291810842 0.028546712802768166 0.10380622837370243 0.008217993079584776
0 0.8070934256055363 0.04801038062283737 0.19319492502883506 0.016868512110726645
1 0.9191176470588236 0.04833477508650519 0.021049596309111882 0.020544982698961937
0 0.49062860438292966 0.07861159169550173 0.5118223760092272 0.035683391003460206
0 0.14561707035755478 0.07201557093425606 0.15513264129181084 0.028114186851211073
0 0.884515570934256 0.07612456747404844 0.07987312572087658 0.019896193771626297
1 0.828719723183391 0.07666522491349481 0.03748558246828143 0.024437716262975778
0 0.4163783160322953 0.126189446366782 0.657439446366782 0.04865916955017301
0 0.8610149942329873 0.1298659169550173 0.15570934256055363 0.07461072664359862
0 0.14316608996539792 0.295090830449827 0.1715686274509804 0.27530276816608995
1 0.4134948096885813 0.2520544982698962 0.32583621683967706 0.18490484429065746
0 0.6848327566320647 0.4405276816608997 0.1839677047289504 0.5605536332179931
0 0.4948096885813149 0.3532655709342561 0.16724336793540948 0.014057093425605537
0 0.3150230680507497 0.5522275086505191 0.1652249134948097 0.3795415224913495
0 0.1322087658592849 0.44182525951557095 0.06199538638985006 0.010813148788927337
0 0.13739907727797002 0.597318339100346 0.15715109573241062 0.27854671280276816
0 0.49841407151095735 0.5418468858131488 0.18021914648212226 0.35575259515570934
0 0.8063725490196079 0.17830882352941177 0.021626297577854673 0.010164359861591695
0 0.8689446366782008 0.5850994809688581 0.16291810841983853 0.7990916955017301
0 0.5899653979238755 0.7310769896193772 0.30853517877739334 0.01838235294117647
0 0.13307381776239907 0.7660034602076125 0.09083044982698962 0.022058823529411766
0 0.4700115340253749 0.7784385813148789 0.49826989619377166 0.03827854671280277
0 0.4080161476355248 0.8982482698961938 0.7174163783160323 0.1957179930795848
1 0.06776239907727798 0.7687067474048443 0.03690888119953864 0.026600346020761247
1 0.03820645905420992 0.14911332179930797 0.0395040369088812 0.2580017301038062
