0 0.2846020761245675 0.046604671280276816 0.486159169550173 0.01578719723183391
0 0.8034890426758939 0.05201124567474048 0.06833910034602077 0.020977508650519033
0 0.24091695501730104 0.09169550173010381 0.3970588235294118 0.06574394463667821
0 0.6663783160322952 0.15257352941176472 0.4077277970011534 0.17019896193771628
1 0.2442329873125721 0.2016652249134948 0.2825836216839677 0.14987024221453288
1 0.2364475201845444 0.3940311418685121 0.19607843137254902 0.10380622837370243
1 0.24048442906574397 0.5065960207612457 0.40369088811995385 0.10661764705882354
0 0.24279123414071513 0.30579584775086505 0.42964244521337946 0.05406574394463668
0 0.7104959630911188 0.5188148788927336 0.4826989619377163 0.5462802768166091
0 0.7857554786620531 0.8663494809688581 0.3229527104959631 0.09948096885813149
0 0.3033448673587082 0.865916955017301 0.33564013840830453 0.06574394463667821
0 0.24524221453287198 0.6944204152249135 0.45184544405997695 0.2616782006920415
1 0.07367358708189158 0.9040873702422145 0.09313725490196079 0.13040657439446368
1 0.5568050749711649 0.8814878892733564 0.12918108419838525 0.12975778546712805
0 0.5037485582468282 0.9776167820069205 0.12860438292964244 0.0296280276816609
