1 0.5135524798154556 0.006055363321799308 0.6170703575547867 0.012110726643598616
1 0.08693771626297578 0.2961721453287197 0.15426758938869667 0.09450692041522492
1 0.17012687427912343 0.5775302768166091 0.314878892733564 0.1481401384083045
1 0.131199538638985 0.9541522491349481 0.2301038062283737 0.09126297577854671
1 0.3760092272202999 0.9516652249134948 0.22491349480968859 0.09623702422145329
1 0.6322087658592849 0.9519896193771626 0.26614763552479814 0.09558823529411765
1 0.8928777393310265 0.9522058823529412 0.21366782006920415 0.09515570934256055
0 0.08910034602076125 0.11061851211072665 0.15570934256055363 0.2212370242214533
0 0.5320069204152249 0.030168685121107267 0.36562860438292966 0.030925605536332182
0 0.2494232987312572 0.13938148788927335 0.15628604382929642 0.17236159169550175
0 0.41983852364475205 0.13851643598615918 0.1643598615916955 0.17192906574394465
0 0.5882352941176471 0.13700259515570934 0.16493656286043828 0.17409169550173012
0 0.756199538638985 0.1375432525951557 0.16349480968858132 0.17517301038062283
0 0.923154555940023 0.11169982698961937 0.1531141868512111 0.22339965397923875
0 0.5161476355247981 0.24178200692041524 0.5916955017301039 0.021626297577854673
0 0.5108131487889274 0.2763840830449827 0.6415801614763552 0.03892733564013841
0 0.533881199538639 0.3080666089965398 0.36764705882352944 0.018814878892733564
0 0.5106689734717417 0.3267733564013841 0.12399077277970012 0.015138408304498271
0 0.0857843137254902 0.418901384083045 0.1577277970011534 0.1518166089965398
0 0.24870242214532873 0.41587370242214533 0.1519607843137255 0.16003460207612458
0 0.5885236447520185 0.4156574394463668 0.5103806228373703 0.15614186851211073
0 0.9235870818915802 0.36051038062283736 0.1522491349480969 0.26211072664359863
0 0.6678200692041523 0.5275735294117647 0.6401384083044983 0.037413494809688586
0 0.5632929642445214 0.5594723183391004 0.35322952710495964 0.022058823529411766
0 0.1708477508650519 0.780060553633218 0.32670126874279126 0.2512975778546713
0 0.5901095732410612 0.7413494809688581 0.5031718569780854 0.3243944636678201
0 0.9243079584775087 0.7389705882352942 0.15080738177623992 0.32482698961937717
