0 0.21453287197231835 0.0714749134948097 0.22779700115340254 0.022707612456747406
0 0.4591983852364475 0.09266868512110726 0.7130911188004614 0.022707612456747406
0 0.10928489042675894 0.11256487889273356 0.09803921568627451 0.01838235294117647
3 0.4354094579008074 0.15289792387543252 0.1320645905420992 0.06098615916955018
0 0.3816320645905421 0.18890570934256057 0.6473471741637832 0.022707612456747406
3 0.44333910034602075 0.21128892733564014 0.1980968858131488 0.022058823529411766
0 0.4400230680507497 0.27314013840830453 0.7698961937716263 0.10164359861591696
0 0.3477508650519031 0.4070069204152249 0.6141868512110726 0.15527681660899653
0 0.7422145328719724 0.4632352941176471 0.15570934256055363 0.01903114186851211
1 0.7381776239907728 0.3897058823529412 0.14936562860438293 0.10856401384083045
0 0.4397347174163783 0.6165657439446367 0.8108419838523645 0.2595155709342561
0 0.165080738177624 0.7611375432525952 0.18079584775086505 0.017949826989619378
0 0.4400230680507497 0.8554282006920415 0.8246828143021915 0.17409169550173012
0 0.9032583621683968 0.8514273356401384 0.03373702422145329 0.01903114186851211
0 0.9058535178777394 0.9063581314878894 0.027393310265282585 0.06271626297577855
0 0.816320645905421 0.9657223183391004 0.1384083044982699 0.02487024221453287
