0 0.7912341407151096 0.007461072664359861 0.132641291810842 0.01448961937716263
1 0.8672145328719724 0.007136678200692042 0.025086505190311418 0.014273356401384083
1 0.3207900807381776 0.3867863321799308 0.12197231833910036 0.05730968858131488
1 0.3233852364475202 0.4472318339100346 0.1254325259515571 0.06487889273356402
1 0.461361014994233 0.4439878892733564 0.12745098039215685 0.06271626297577855
2 0.7136678200692042 0.5902897923875433 0.4405997693194925 0.20393598615916955
2 0.5550749711649365 0.8501297577854672 0.7923875432525952 0.296280276816609
1 0.0265282583621684 0.7522707612456747 0.0530565167243368 0.4919982698961938
0 0.05478662053056517 0.2471885813148789 0.10899653979238755 0.4757785467128028
0 0.24610726643598616 0.08455882352941177 0.16868512110726644 0.015138408304498271
0 0.5128316032295271 0.08553200692041522 0.16580161476355249 0.016219723183391006
0 0.7833044982698962 0.2296712802768166 0.18021914648212226 0.01773356401384083
0 0.18281430219146483 0.2886029411764706 0.13552479815455595 0.38646193771626297
0 0.3150230680507497 0.22556228373702422 0.13062283737024222 0.26600346020761245
0 0.45198961937716264 0.252378892733564 0.13465974625144175 0.3174740484429066
0 0.582035755478662 0.155060553633218 0.1254325259515571 0.1185121107266436
0 0.5903979238754326 0.2834126297577855 0.12889273356401384 0.13732698961937717
0 0.5980392156862745 0.4132785467128028 0.12975778546712805 0.12326989619377163
0 0.7132352941176471 0.15105968858131488 0.12831603229527105 0.13948961937716264
0 0.8408304498269896 0.152681660899654 0.12975778546712805 0.13408304498269896
0 0.721885813148789 0.3096885813148789 0.1254325259515571 0.138840830449827
0 0.7335640138408305 0.4259299307958478 0.12687427912341406 0.09364186851211073
0 0.8510668973471742 0.27292387543252594 0.1254325259515571 0.06531141868512111
0 0.8653402537485583 0.3875432525951557 0.14129181084198386 0.16392733564013842
1 0.3421280276816609 0.032655709342560554 0.2955594002306805 0.043252595155709346
1 0.6790657439446367 0.036440311418685124 0.279123414071511 0.044333910034602075
0 0.5346020761245674 0.06401384083044982 0.3517877739331027 0.021626297577854673
0 0.3885524798154556 0.5967776816608996 0.20847750865051903 0.20912629757785467
0 0.1708477508650519 0.6002378892733564 0.21539792387543252 0.2086937716262976
0 0.11144752018454442 0.8527249134948097 0.09948096885813149 0.29411764705882354
