0 0.1846885813148789 0.027141003460207612 0.33881199538638984 0.029195501730103806
0 0.8111303344867359 0.03254757785467128 0.05478662053056517 0.02487024221453287
1 0.20818915801614765 0.1006704152249135 0.20645905420991928 0.12391868512110726
1 0.22029988465974626 0.2208044982698962 0.3863898500576701 0.1189446366782007
1 0.6461937716262977 0.11905276816608996 0.36562860438292966 0.13343425605536333
0 0.6427335640138409 0.2113970588235294 0.3973471741637832 0.05255190311418685
0 0.22159746251441753 0.3422361591695502 0.39878892733564014 0.12391868512110726
0 0.5080738177623991 0.2545415224913495 0.12226066897347175 0.015138408304498271
0 0.6519607843137255 0.5872621107266436 0.4134948096885813 0.6472750865051903
0 0.2240484429065744 0.6669550173010381 0.4134948096885813 0.5168685121107267
