0 0.07626874279123415 0.004541522491349481 0.1525374855824683 0.00865051903114187
0 0.06848327566320646 0.03481833910034602 0.0527681660899654 0.012975778546712804
1 0.02378892733564014 0.033412629757785466 0.029700115340253748 0.020112456747404844
0 0.43800461361015 0.054173875432525956 0.4930795847750865 0.022707612456747406
1 0.8657727797001153 0.04368512110726644 0.027970011534025375 0.022058823529411766
1 0.27436562860438296 0.2781141868512111 0.20328719723183392 0.14922145328719724
1 0.527681660899654 0.27530276816608995 0.2946943483275663 0.14922145328719724
0 0.9035467128027682 0.04530709342560554 0.03892733564013841 0.012326989619377162
0 0.4214244521337947 0.09396626297577855 0.7511534025374856 0.050389273356401386
0 0.08463091118800461 0.32482698961937717 0.16291810841983853 0.3897058823529412
0 0.4156574394463668 0.1615484429065744 0.45703575547866204 0.050173010380622836
0 0.7680219146482122 0.25746107266435986 0.17445213379469435 0.2541089965397924
0 0.924163783160323 0.07233996539792388 0.14359861591695502 0.022275086505190313
0 0.9270472895040369 0.19431228373702422 0.14359861591695502 0.21950692041522493
0 0.935121107266436 0.5081098615916955 0.12918108419838525 0.40592560553633217
0 0.9462226066897348 0.8359645328719724 0.10697808535178778 0.2411332179930796
0 0.42459630911188007 0.3713235294117647 0.5037485582468282 0.037197231833910036
0 0.2573529411764706 0.5158953287197232 0.16349480968858132 0.23032006920415227
0 0.08650519031141869 0.5783953287197232 0.16089965397923875 0.11397058823529412
0 0.42675893886966554 0.5105968858131488 0.16205305651672433 0.22923875432525953
0 0.5997693194925029 0.5091911764705882 0.17358708189158017 0.2277249134948097
0 0.7781141868512111 0.5059472318339101 0.16868512110726644 0.24286332179930797
1 0.12975778546712805 0.7146410034602076 0.24567474048442908 0.13992214532871972
1 0.26672433679354096 0.6535467128027682 0.02825836216839677 0.02422145328719723
0 0.3121395617070358 0.654628027681661 0.05853517877739331 0.019896193771626297
0 0.5612745098039216 0.6819852941176471 0.36764705882352944 0.035683391003460206
0 0.09083044982698962 0.887651384083045 0.17070357554786622 0.17365916955017302
0 0.26239907727797 0.8814878892733564 0.16493656286043828 0.16652249134948097
0 0.2970011534025375 0.7575692041522492 0.0859284890426759 0.07785467128027682
0 0.42776816608996543 0.838992214532872 0.17445213379469435 0.2471885813148789
0 0.6055363321799309 0.8338019031141869 0.1782006920415225 0.24545847750865052
0 0.7882064590542099 0.8298010380622838 0.1715686274509804 0.24178200692041524
