0 0.24610726643598616 0.07839532871972318 0.3555363321799308 0.020112456747404844
0 0.7932525951557093 0.08693771626297578 0.040369088811995385 0.01730103806228374
0 0.2494232987312572 0.1745242214532872 0.3777393310265283 0.1708477508650519
0 0.6523933102652826 0.20480103806228375 0.3895617070357555 0.22707612456747406
1 0.25519031141868515 0.3213667820069204 0.26239907727797 0.12110726643598617
1 0.6668108419838524 0.39338235294117646 0.2782583621683968 0.1457612456747405
0 0.24668396770472895 0.40743944636678203 0.3970588235294118 0.04411764705882353
0 0.25043252595155713 0.691825259515571 0.41608996539792387 0.5190311418685122
0 0.6717128027681661 0.5722318339100346 0.4010957324106113 0.20328719723183392
0 0.6898788927335641 0.8129325259515571 0.4224336793540946 0.27551903114186854
