0 0.7194348327566321 0.0344939446366782 0.23298731257208766 0.017949826989619378
0 0.8823529411764706 0.035899653979238756 0.0196078431372549 0.01730103806228374
1 0.8532295271049597 0.03481833910034602 0.03460207612456748 0.028114186851211073
0 0.3092560553633218 0.06639273356401384 0.32785467128027684 0.019896193771626297
0 0.5053344867358708 0.12478373702422146 0.7892156862745098 0.09688581314878893
0 0.23428489042675896 0.1834991349480969 0.17502883506343714 0.020544982698961937
0 0.36865628604382933 0.39803200692041524 0.08217993079584775 0.016219723183391006
0 0.6862745098039216 0.4010596885813149 0.06574394463667821 0.01578719723183391
0 0.5063437139561707 0.42322664359861595 0.23356401384083045 0.01773356401384083
1 0.35827566320645904 0.30287629757785467 0.2903690888119954 0.11786332179930796
1 0.6769031141868512 0.2899005190311419 0.24134948096885814 0.1870674740484429
0 0.48298731257208766 0.4772923875432526 0.7087658592848904 0.06747404844290658
0 0.26196655132641294 0.5207612456747405 0.26672433679354096 0.021626297577854673
0 0.526239907727797 0.5443339100346021 0.7935409457900807 0.019896193771626297
0 0.11461937716262977 0.5673659169550174 0.0527681660899654 0.020544982698961937
0 0.20573817762399077 0.6135380622837371 0.24653979238754326 0.0263840830449827
0 0.5063437139561707 0.670090830449827 0.8535178777393311 0.040008650519031144
0 0.13725490196078433 0.7059904844290658 0.11534025374855825 0.025302768166089964
1 0.23961937716262977 0.7811418685121108 0.16147635524798154 0.10986159169550173
1 0.41709919261822376 0.7833044982698962 0.15715109573241062 0.11937716262975778
1 0.6094290657439446 0.7878460207612457 0.15138408304498271 0.13624567474048443
1 0.7958477508650519 0.7789792387543253 0.11591695501730104 0.07093425605536333
0 0.7869088811995386 0.8274221453287197 0.05767012687427912 0.015138408304498271
0 0.5056228373702423 0.8732698961937716 0.20328719723183392 0.019463667820069204
0 0.2303921568627451 0.9182525951557093 0.328719723183391 0.030276816608996542
0 0.5226355247981546 0.9509083044982699 0.8313148788927336 0.029844290657439446
0 0.8996539792387543 0.9768598615916956 0.039792387543252594 0.022058823529411766
