0 0.16335063437139563 0.14586937716262977 0.12831603229527105 0.04044117647058824
0 0.5341695501730104 0.15073529411764705 0.21424452133794694 0.03503460207612457
0 0.45299884659746253 0.35456314878892736 0.7583621683967705 0.21345155709342561
0 0.44982698961937717 0.4931877162629758 0.35236447520184544 0.031358131487889275
0 0.44910611303344866 0.6057525951557093 0.7822952710495963 0.16003460207612458
0 0.22347174163783162 0.7065311418685122 0.33967704728950404 0.023356401384083045
0 0.45126874279123413 0.7754108996539792 0.7952710495963091 0.09191176470588236
0 0.126441753171857 0.8368295847750865 0.15715109573241062 0.020112456747404844
0 0.3615916955017301 0.8701340830449827 0.5363321799307958 0.04217128027681661
0 0.4483852364475202 0.9173875432525952 0.8010380622837371 0.04282006920415225
