3 0.3021914648212226 0.06931228373702422 0.328719723183391 0.029195501730103806
0 0.37355824682814304 0.09201989619377163 0.4685697808535179 0.02487024221453287
0 0.47159746251441753 0.16338667820069205 0.7626874279123415 0.12218858131487889
0 0.3094002306805075 0.2374567474048443 0.3633217993079585 0.025951557093425608
0 0.47159746251441753 0.27314013840830453 0.7799884659746251 0.04974048442906574
0 0.42762399077277974 0.3477508650519031 0.6141868512110726 0.12326989619377163
0 0.44492502883506346 0.4342560553633218 0.6689734717416379 0.025951557093425608
0 0.4708765859284891 0.4931877162629758 0.790080738177624 0.04865916955017301
0 0.4687139561707036 0.5299524221453288 0.47722029988465975 0.02487024221453287
0 0.48673587081891584 0.5759083044982699 0.7583621683967705 0.07136678200692041
0 0.3923010380622837 0.6218641868512111 0.6473471741637832 0.029195501730103806
2 0.46943483275663206 0.7413494809688581 0.41810841983852365 0.20761245674740486
0 0.47231833910034604 0.8624567474048443 0.4786620530565167 0.02378892733564014
0 0.473760092272203 0.9111159169550174 0.8391003460207612 0.051903114186851215
0 0.9315167243367936 0.8559688581314879 0.056228373702422146 0.025951557093425608
0 0.9307958477508651 0.904628027681661 0.025951557093425608 0.06487889273356402
0 0.836361014994233 0.9635596885813149 0.16003460207612458 0.02487024221453287
