0 0.20631487889273356 0.07417820069204152 0.1254325259515571 0.028114186851211073
3 0.47520184544405997 0.10607698961937717 0.3575547866205306 0.04217128027681661
3 0.47808535178777395 0.19366349480968859 0.328719723183391 0.04865916955017301
0 0.32525951557093424 0.14121972318339102 0.45847750865051906 0.030276816608996542
0 0.16089965397923875 0.16014273356401384 0.1384083044982699 0.02703287197231834
0 0.4023933102652826 0.25583910034602075 0.6127450980392157 0.08866782006920415
1 0.4679930795847751 0.5234645328719724 0.46424452133794697 0.44874567474048443
0 0.4824106113033449 0.8467776816608997 0.8333333333333334 0.15895328719723184
0 0.9358419838523645 0.8429930795847751 0.04469434832756632 0.019463667820069204
0 0.9387254901960784 0.8948961937716263 0.036043829296424454 0.06271626297577855
0 0.7887831603229527 0.9570717993079585 0.2696078431372549 0.01189446366782007
