0 0.4279123414071511 0.1339749134948097 0.7785467128027682 0.15073529411764705
0 0.7936851211072664 0.23021193771626297 0.05392156862745098 0.037413494809688586
3 0.4329584775086505 0.21745242214532873 0.5147058823529412 0.020544982698961937
3 0.2559111880046136 0.23594290657439448 0.1317762399077278 0.01730103806228374
0 0.43944636678200694 0.41760380622837373 0.8102652825836217 0.33953287197231835
0 0.3416955017301038 0.6337586505190311 0.5484429065743944 0.09623702422145329
0 0.25346020761245674 0.8130406574394464 0.4815455594002307 0.2610294117647059
0 0.6802191464821222 0.908196366782007 0.2595155709342561 0.020112456747404844
2 0.6790657439446367 0.7868728373702423 0.3494809688581315 0.21301903114186851
0 0.919838523644752 0.8571583044982699 0.03806228373702422 0.020544982698961937
0 0.9253171856978085 0.9127378892733564 0.03748558246828143 0.061634948096885814
0 0.8350634371395618 0.9752378892733564 0.14417531718569782 0.020977508650519033
