0 0.25446943483275664 0.08044982698961937 0.2903690888119954 0.04801038062283737
0 0.18209342560553635 0.11634948096885814 0.14273356401384082 0.02378892733564014
2 0.48558246828143026 0.08801903114186851 0.10380622837370243 0.05795847750865052
2 0.4437716262975779 0.2634083044982699 0.10957324106113034 0.08001730103806229
3 0.13437139561707037 0.1485726643598616 0.14417531718569782 0.0393598615916955
0 0.3092560553633218 0.15041089965397925 0.15945790080738179 0.044333910034602075
0 0.48370818915801617 0.18641868512110726 0.6611880046136102 0.032871972318339104
0 0.14013840830449828 0.2004757785467128 0.16724336793540948 0.019896193771626297
0 0.08217993079584775 0.30752595155709345 0.06286043829296424 0.01903114186851211
3 0.20833333333333334 0.31076989619377166 0.1779123414071511 0.025519031141868515
0 0.4581891580161476 0.33401816608996543 0.7439446366782008 0.026600346020761247
0 0.2368800461361015 0.356401384083045 0.36764705882352944 0.028114186851211073
1 0.4234429065743945 0.576773356401384 0.7136678200692042 0.40614186851211076
0 0.4408881199538639 0.7959558823529412 0.2970011534025375 0.022707612456747406
0 0.4332468281430219 0.8762975778546713 0.8543829296424452 0.10121107266435986
0 0.9100346020761246 0.9033304498269896 0.02306805074971165 0.058823529411764705
0 0.9061418685121108 0.846885813148789 0.027970011534025375 0.019463667820069204
0 0.8357843137254902 0.9635596885813149 0.10813148788927336 0.02487024221453287
