0 0.19694348327566322 0.15203287197231835 0.14705882352941177 0.03892733564013841
0 0.5609861591695502 0.15798010380622837 0.4368512110726644 0.044333910034602075
0 0.4802479815455594 0.30341695501730104 0.7511534025374856 0.0929930795847751
0 0.49106113033448673 0.37694636678200694 0.41234140715109574 0.03460207612456748
0 0.48457324106113037 0.4526384083044983 0.7684544405997693 0.09083044982698962
0 0.4852941176470588 0.533196366782007 0.4152249134948097 0.02703287197231834
0 0.48385236447520186 0.5996972318339101 0.7987312572087659 0.06704152249134948
0 0.18613033448673588 0.6580882352941176 0.21193771626297578 0.025951557093425608
0 0.48385236447520186 0.7673010380622838 0.8189158016147636 0.1708477508650519
0 0.48385236447520186 0.904628027681661 0.8246828143021915 0.10596885813148789
