1 0.12903690888119954 0.028546712802768166 0.13927335640138408 0.032871972318339104
1 0.44478085351787777 0.09288494809688581 0.13638985005767013 0.04909169550173011
1 0.5452710495963091 0.07850346020761247 0.031718569780853516 0.03460207612456748
1 0.8708189158016147 0.05287629757785467 0.012110726643598616 0.01448961937716263
0 0.6163494809688581 0.10672577854671281 0.047001153402537486 0.016219723183391006
0 0.794405997693195 0.04855103806228374 0.11014994232987313 0.013624567474048443
0 0.11288927335640139 0.09483131487889274 0.12831603229527105 0.05730968858131488
0 0.0927047289504037 0.14013840830449828 0.06199538638985006 0.010813148788927337
0 0.401239907727797 0.17506487889273356 0.6559976931949251 0.04822664359861592
0 0.8708189158016147 0.14392301038062283 0.025374855824682817 0.009731833910034602
0 0.8373702422145329 0.28644031141868515 0.14417531718569782 0.27097750865051906
0 0.12038638985005767 0.26697664359861595 0.11332179930795848 0.1022923875432526
0 0.08837946943483276 0.3392084775086505 0.06199538638985006 0.009731833910034602
0 0.1179354094579008 0.35456314878892736 0.066320645905421 0.01448961937716263
0 0.11678200692041522 0.38343425605536335 0.12168396770472896 0.03676470588235294
0 0.11750288350634372 0.5192474048442907 0.13638985005767013 0.231401384083045
0 0.07352941176470588 0.6522491349480969 0.06689734717416379 0.012975778546712804
0 0.18166089965397925 0.6754974048442907 0.26585928489042676 0.02487024221453287
1 0.016724336793540948 0.47869809688581316 0.033448673587081895 0.9504757785467128
0 0.26485005767012687 0.418901384083045 0.131199538638985 0.41998269896193774
0 0.40513264129181087 0.42160467128027684 0.1320645905420992 0.41457612456747406
0 0.6087081891580162 0.3648356401384083 0.23356401384083045 0.012543252595155709
0 0.6196655132641292 0.5023788927335641 0.28546712802768165 0.25519031141868515
0 0.8427047289504037 0.43977076124567477 0.14215686274509803 0.03352076124567474
1 0.615916955017301 0.28406141868512114 0.2710495963091119 0.14597750865051903
0 0.8494809688581315 0.6916089965397924 0.14705882352941177 0.4671280276816609
0 0.3741349480968858 0.6465181660899654 0.06141868512110727 0.012326989619377162
0 0.5565167243367936 0.6535467128027682 0.18973471741637832 0.013408304498269897
0 0.5560841983852365 0.6746323529411765 0.2897923875432526 0.0231401384083045
0 0.557237600922722 0.6984212802768166 0.2632641291810842 0.017949826989619378
0 0.18670703575547867 0.8197448096885813 0.29498269896193774 0.247621107266436
0 0.4826989619377163 0.8171496539792388 0.2825836216839677 0.21301903114186851
0 0.7017012687427913 0.7470804498269896 0.13985005767012687 0.076340830449827
1 0.6992502883506344 0.8414792387543253 0.14186851211072665 0.10813148788927336
0 0.7021337946943483 0.9096020761245674 0.14359861591695502 0.028114186851211073
