0 0.7518742791234141 0.015354671280276818 0.2240484429065744 0.01730103806228374
1 0.8777393310265282 0.015895328719723184 0.02306805074971165 0.01838235294117647
1 0.12038638985005767 0.020436851211072665 0.04123414071510957 0.022275086505190313
0 0.17301038062283738 0.02259948096885813 0.05536332179930796 0.024437716262975778
0 0.48399653979238755 0.004433391003460208 0.13408304498269896 0.008866782006920416
0 0.5093713956170703 0.04833477508650519 0.5118223760092272 0.04649653979238755
0 0.06012110726643599 0.22556228373702422 0.06487889273356402 0.4173875432525952
0 0.163638985005767 0.07666522491349481 0.12485582468281431 0.07071799307958478
0 0.3233852364475202 0.18047145328719724 0.13408304498269896 0.21907439446366783
0 0.4560265282583622 0.17722750865051903 0.12831603229527105 0.2147491349480969
0 0.591118800461361 0.1777681660899654 0.13494809688581316 0.21366782006920415
0 0.7220299884659747 0.1801470588235294 0.132641291810842 0.21410034602076125
0 0.8491926182237601 0.15798010380622837 0.1389850057670127 0.25843425605536335
0 0.16868512110726644 0.26513840830449825 0.14359861591695502 0.2897923875432526
0 0.13148788927335642 0.47837370242214533 0.22491349480968859 0.07396193771626298
0 0.16911764705882354 0.4237673010380623 0.14273356401384082 0.03308823529411765
0 0.5932814302191465 0.32947664359861595 0.5873702422145329 0.05514705882352941
0 0.595444059976932 0.3842993079584775 0.5242214532871973 0.03633217993079585
1 0.290080738177624 0.4259299307958478 0.02883506343713956 0.020112456747404844
0 0.3438581314878893 0.4266868512110727 0.05680507497116494 0.021626297577854673
0 0.46929065743944637 0.4911332179930796 0.12889273356401384 0.16219723183391005
0 0.32799884659746253 0.4818339100346021 0.13465974625144175 0.07352941176470588
0 0.32799884659746253 0.5313581314878892 0.13465974625144175 0.022058823529411766
0 0.13307381776239907 0.6600346020761246 0.23212226066897348 0.2858996539792388
0 0.3370818915801615 0.7703287197231834 0.15282583621683968 0.4493944636678201
0 0.1307670126874279 0.826340830449827 0.20905420991926182 0.025951557093425608
0 0.08405420991926182 0.9219290657439446 0.1254325259515571 0.15570934256055363
0 0.20213379469434833 0.9795631487889274 0.08650519031141869 0.020112456747404844
1 0.1970876585928489 0.9030060553633218 0.11101499423298732 0.12651384083044984
1 0.7439446366782008 0.5030276816608996 0.39850057670126876 0.16003460207612458
0 0.4728950403690888 0.5870458477508651 0.12168396770472896 0.024437716262975778
0 0.47217416378316035 0.6205666089965398 0.12024221453287198 0.03957612456747405
0 0.4815455594002307 0.8152032871972319 0.13783160322952712 0.33801903114186854
0 0.6185121107266436 0.7418901384083045 0.14648212226066898 0.30384948096885817
0 0.6228373702422145 0.9357698961937716 0.14186851211072665 0.08174740484429066
0 0.7612456747404844 0.7022058823529412 0.14186851211072665 0.23183391003460208
0 0.7687427912341407 0.8930579584775087 0.132641291810842 0.14987024221453288
0 0.9018166089965398 0.6764705882352942 0.14042675893886966 0.1859861591695502
0 0.9094579008073818 0.8647275086505191 0.12687427912341406 0.19139273356401384
