1 0.49812572087658596 0.17647058823529413 0.9899077277970012 0.34818339100346024
0 0.08967704728950404 0.3835423875432526 0.1384083044982699 0.04865916955017301
0 0.41306228373702425 0.3907871972318339 0.46510957324106117 0.05579584775086505
0 0.21337946943483277 0.45350346020761245 0.38119953863898504 0.054498269896193774
0 0.02955594002306805 0.5232482698961938 0.015282583621683969 0.010164359861591695
0 0.020617070357554786 0.6630622837370242 0.010092272202998846 0.012975778546712804
0 0.007929642445213379 0.909818339100346 0.009515570934256055 0.009083044982698962
0 0.3990772779700115 0.9343641868512111 0.7525951557093425 0.06379757785467129
0 0.4022491349480969 0.7665441176470589 0.7445213379469435 0.22339965397923875
0 0.4058535178777393 0.5760164359861591 0.7228950403690888 0.11786332179930796
