1 0.29512687427912343 0.047902249134948095 0.38494809688581316 0.09580449826989619
0 0.7191464821222607 0.07320501730103807 0.4094579008073818 0.1286764705882353
0 0.3128604382929642 0.11126730103806229 0.21972318339100347 0.018814878892733564
0 0.2909457900807382 0.125 0.4411764705882353 0.01730103806228374
1 0.17618223760092272 0.10607698961937717 0.043252595155709346 0.022707612456747406
1 0.025374855824682817 0.4992430795847751 0.050749711649365634 0.9937283737024222
0 0.11534025374855825 0.8252595155709342 0.12918108419838525 0.231401384083045
0 0.5125432525951558 0.729779411764706 0.5268166089965398 0.04606401384083045
0 0.5038927335640139 0.7854671280276817 0.612168396770473 0.037197231833910036
0 0.5028835063437139 0.870674740484429 0.6314878892733564 0.11461937716262977
0 0.8931660899653979 0.7789792387543253 0.11447520184544406 0.15397923875432526
1 0.885957324106113 0.8898140138408305 0.10870818915801615 0.0685553633217993
0 0.5435409457900807 0.9349048442906575 0.6407151095732411 0.01730103806228374
0 0.1715686274509804 0.9455017301038062 0.07439446366782007 0.014705882352941176
0 0.3690888119953864 0.5416306228373703 0.052479815455594006 0.013624567474048443
0 0.5074971164936563 0.5670415224913495 0.36101499423298733 0.028546712802768166
0 0.5086505190311419 0.5886678200692042 0.27393310265282583 0.013408304498269897
0 0.5060553633217993 0.6421929065743944 0.38119953863898504 0.09234429065743945
0 0.7662918108419838 0.6138624567474049 0.12485582468281431 0.1611159169550173
0 0.1773356401384083 0.6762543252595156 0.2358708189158016 0.01773356401384083
0 0.11130334486735871 0.3594290657439446 0.08362168396770474 0.4437716262975779
0 0.2302479815455594 0.35910467128027684 0.15138408304498271 0.4509083044982699
0 0.17848904267589388 0.6218641868512111 0.2508650519031142 0.07461072664359862
0 0.8895617070357555 0.6517084775086506 0.09457900807381776 0.052984429065743945
0 0.8856689734717417 0.5050821799307958 0.10524798154555941 0.22599480968858132
0 0.7847462514417533 0.45674740484429066 0.07352941176470588 0.12932525951557095
1 0.5331603229527105 0.42517301038062283 0.42099192618223763 0.20328719723183392
0 0.8747116493656286 0.2702205882352941 0.09083044982698962 0.24286332179930797
0 0.7662918108419838 0.3518598615916955 0.08737024221453288 0.03503460207612457
0 0.5694925028835064 0.26157006920415227 0.48673587081891584 0.12608131487889274
0 0.5684832756632064 0.18133650519031141 0.4743367935409458 0.035683391003460206
0 0.5680507497116494 0.15397923875432526 0.20991926182237602 0.019896193771626297
