0 0.6898788927335641 0.01773356401384083 0.22116493656286043 0.02422145328719723
0 0.8509227220299885 0.018598615916955018 0.02306805074971165 0.02378892733564014
0 0.45775663206459055 0.09288494809688581 0.8094002306805075 0.1022923875432526
0 0.1593137254901961 0.3783520761245675 0.16349480968858132 0.020977508650519033
0 0.6141868512110726 0.37943339100346024 0.279123414071511 0.022275086505190313
0 0.048298731257208766 0.4142517301038062 0.023933102652825836 0.01838235294117647
0 0.05219146482122261 0.45761245674740486 0.0461361014994233 0.019463667820069204
0 0.4555940023068051 0.5607698961937716 0.8673587081891581 0.09083044982698962
0 0.45660322952710497 0.667279411764706 0.8780276816608997 0.06812283737024222
0 0.86260092272203 0.7182093425605537 0.07064590542099193 0.025951557093425608
0 0.4426182237600923 0.9705882352941176 0.37427912341407155 0.025951557093425608
0 0.8610149942329873 0.9916738754325259 0.03460207612456748 0.016219723183391006
1 0.16608996539792387 0.26967993079584773 0.18742791234140715 0.16695501730103807
1 0.6098615916955018 0.2688148788927336 0.4607843137254902 0.18166089965397925
1 0.28690888119953867 0.8460207612456747 0.23125720876585928 0.20934256055363323
1 0.5846309111880046 0.8671064013840831 0.28748558246828143 0.155060553633218
3 0.4548731257208766 0.15419550173010382 0.16234140715109574 0.021626297577854673
3 0.4545847750865052 0.43479671280276816 0.09948096885813149 0.02487024221453287
3 0.4534313725490196 0.4924307958477509 0.22289504036908883 0.04282006920415225
3 0.45271049596309115 0.6200259515570934 0.09284890426758939 0.030709342560553635
3 0.4544405997693195 0.7211288927335641 0.21626297577854672 0.033953287197231834
