3 0.46352364475201846 0.1566825259515571 0.15657439446366783 0.027465397923875434
3 0.4681372549019608 0.21291089965397925 0.14273356401384082 0.0426038062283737
3 0.46424452133794697 0.6787413494809689 0.08996539792387544 0.020544982698961937
3 0.4700115340253749 0.7335640138408305 0.07554786620530565 0.038494809688581315
3 0.3765859284890427 0.8535899653979239 0.6372549019607844 0.08477508650519032
3 0.2505767012687428 0.9217128027681661 0.2681660899653979 0.04368512110726644
1 0.2818627450980392 0.30428200692041524 0.29786620530565167 0.14878892733564014
1 0.6448961937716263 0.3272058823529412 0.2897923875432526 0.10596885813148789
1 0.8167531718569782 0.04044117647058824 0.03258362168396771 0.029844290657439446
0 0.46568627450980393 0.10261678200692041 0.7964244521337948 0.08066608996539792
0 0.6848327566320647 0.03881920415224913 0.2185697808535179 0.025302768166089964
0 0.8477508650519031 0.03903546712802768 0.02825836216839677 0.02703287197231834
0 0.08866782006920415 0.18263408304498271 0.07006920415224914 0.024437716262975778
0 0.2981545559400231 0.3932742214532872 0.12399077277970012 0.016219723183391006
0 0.6584486735870819 0.39349048442906576 0.18021914648212226 0.017949826989619378
0 0.4649653979238754 0.4126297577854671 0.23846597462514418 0.01730103806228374
0 0.4668396770472895 0.5267084775086506 0.8362168396770473 0.18490484429065746
0 0.4354094579008074 0.6405709342560554 0.6943483275663207 0.04152249134948097
0 0.8592848904267589 0.6708477508650519 0.06689734717416379 0.023356401384083045
0 0.0660322952710496 0.7008001730103807 0.049019607843137254 0.020544982698961937
0 0.8614475201845444 0.7286980968858132 0.055651672433679356 0.0231401384083045
0 0.4685697808535179 0.7802768166089966 0.8500576701268743 0.05406574394463668
0 0.8636101499423299 0.9117647058823529 0.07727797001153403 0.019463667820069204
0 0.856401384083045 0.9784818339100346 0.04671280276816609 0.022275086505190313
0 0.07540369088811996 0.959234429065744 0.09948096885813149 0.022707612456747406
