0 0.45198961937716264 0.05233564013840831 0.7574971164936564 0.019896193771626297
0 0.20934256055363323 0.07201557093425606 0.2681660899653979 0.019463667820069204
0 0.45083621683967706 0.13527249134948097 0.7655709342560554 0.10488754325259515
0 0.2050173010380623 0.1969074394463668 0.2681660899653979 0.020544982698961937
0 0.20804498269896193 0.2196150519031142 0.21193771626297578 0.022707612456747406
0 0.45271049596309115 0.288386678200692 0.7877739331026529 0.11353806228373703
0 0.4476643598615917 0.43003892733564014 0.8255478662053056 0.16544117647058823
0 0.06300461361014995 0.5250865051903114 0.05334486735870819 0.021626297577854673
0 0.1787773933102653 0.5516868512110726 0.20242214532871972 0.021626297577854673
0 0.4524221453287197 0.667279411764706 0.8477508650519031 0.2000432525951557
0 0.24553056516724336 0.7870891003460208 0.36188004613610153 0.024437716262975778
0 0.4743367935409458 0.8122837370242215 0.8223760092272203 0.019463667820069204
0 0.18771626297577856 0.8411548442906575 0.3431372549019608 0.022275086505190313
0 0.34025374855824686 0.8809472318339101 0.5617070357554786 0.05082179930795848
0 0.47217416378316035 0.9213884083044983 0.8313148788927336 0.01838235294117647
0 0.8595732410611303 0.9655060553633218 0.11245674740484429 0.027465397923875434
0 0.9356978085351788 0.8449394463667821 0.03806228373702422 0.02119377162629758
0 0.9390138408304498 0.9033304498269896 0.030276816608996542 0.06314878892733564
