1 0.11779123414071511 0.019896193771626297 0.11101499423298732 0.025519031141868515
0 0.21626297577854672 0.025843425605536333 0.08419838523644753 0.0166522491349481
0 0.4933679354094579 0.022058823529411766 0.06343713956170703 0.03633217993079585
0 0.8650519031141869 0.020112456747404844 0.09457900807381776 0.010813148788927337
0 0.7915224913494809 0.035899653979238756 0.19953863898500576 0.019463667820069204
1 0.9042675893886967 0.03827854671280277 0.020184544405997693 0.016868512110726645
1 0.07179930795847751 0.04314446366782007 0.025951557093425608 0.017949826989619378
0 0.11144752018454442 0.04692906574394464 0.05046136101499423 0.014705882352941176
0 0.5392156862745098 0.05795847750865052 0.5472895040369089 0.015138408304498271
0 0.48875432525951557 0.08964100346020762 0.798154555940023 0.05255190311418685
0 0.12946943483275664 0.12316176470588236 0.0461361014994233 0.013624567474048443
0 0.12182814302191465 0.14803200692041524 0.13927335640138408 0.028762975778546713
0 0.08463091118800461 0.1696583044982699 0.04469434832756632 0.008001730103806228
0 0.12139561707035756 0.32861159169550175 0.14129181084198386 0.2947664359861592
0 0.11995386389850057 0.558931660899654 0.14705882352941177 0.16284602076124569
0 0.2559111880046136 0.12802768166089964 0.06141868512110727 0.013408304498269897
0 0.28114186851211076 0.1671712802768166 0.1389850057670127 0.060553633217993084
0 0.2768166089965398 0.20804498269896193 0.12745098039215685 0.02119377162629758
0 0.28114186851211076 0.4297145328719723 0.1332179930795848 0.4156574394463668
1 0.5699250288350635 0.22372404844290658 0.4166666666666667 0.19744809688581316
0 0.854959630911188 0.13905709342560554 0.13783160322952712 0.028114186851211073
0 0.8513552479815456 0.16457612456747406 0.13062283737024222 0.021626297577854673
0 0.866926182237601 0.4075475778546713 0.15138408304498271 0.45912629757785467
0 0.6956459054209919 0.3300173010380623 0.1709919261822376 0.012975778546712804
0 0.4253171856978086 0.48810553633217996 0.13494809688581316 0.30017301038062283
0 0.6430219146482122 0.4895112456747405 0.2906574394463668 0.30384948096885817
0 0.3767301038062284 0.643598615916955 0.05334486735870819 0.00865051903114187
0 0.6451845444059977 0.6684688581314879 0.2961361014994233 0.030276816608996542
0 0.38019031141868515 0.6935553633217993 0.0591118800461361 0.012543252595155709
0 0.4159457900807382 0.7598399653979239 0.12312572087658594 0.1092128027681661
0 0.4173875432525952 0.8195285467128028 0.08275663206459054 0.011461937716262976
0 0.41926182237600923 0.8984645328719724 0.1384083044982699 0.1420847750865052
0 0.6433102652825836 0.8281790657439446 0.2970011534025375 0.2783304498269896
0 0.8715397923875433 0.8298010380622838 0.14331026528258362 0.2828719723183391
0 0.2778258362168397 0.8087153979238755 0.10813148788927336 0.3055795847750865
1 0.12903690888119954 0.8155276816608997 0.15484429065743946 0.32655709342560557
