0 0.07035755478662054 0.01448961937716263 0.11534025374855825 0.02768166089965398
1 0.5053344867358708 0.009515570934256055 0.43166089965397925 0.01903114186851211
0 0.043252595155709346 0.04530709342560554 0.04671280276816609 0.0166522491349481
0 0.43757208765859285 0.05936418685121107 0.5989042675893888 0.0426038062283737
0 0.9421856978085352 0.0759083044982699 0.05968858131487889 0.015138408304498271
0 0.896049596309112 0.1104022491349481 0.1317762399077278 0.035683391003460206
0 0.41205305651672436 0.10780709342560554 0.7468281430219147 0.044333910034602075
0 0.08246828143021914 0.3272058823529412 0.14994232987312572 0.3827854671280277
0 0.23976355247981546 0.4412846020761246 0.16003460207612458 0.5936418685121108
0 0.40729527104959634 0.21885813148788927 0.16061130334486737 0.1647923875432526
0 0.4084486735870819 0.520544982698962 0.15715109573241062 0.4329584775086505
0 0.5759803921568628 0.39922145328719727 0.16637831603229528 0.16219723183391005
0 0.5810265282583622 0.6102941176470589 0.16666666666666669 0.25346020761245674
0 0.7540369088811996 0.5270328719723184 0.17070357554786622 0.4221453287197232
0 0.8585640138408305 0.138840830449827 0.026816608996539794 0.01124567474048443
0 0.9188292964244522 0.5129757785467128 0.16176470588235295 0.7240484429065744
0 0.922722029988466 0.891219723183391 0.1332179930795848 0.03460207612456748
1 0.9531430219146483 0.9425821799307958 0.09313725490196079 0.07028546712802769
0 0.8614475201845444 0.9554498269896194 0.023933102652825836 0.030276816608996542
1 0.6600346020761246 0.2179930795847751 0.32583621683967706 0.16219723183391005
0 0.7573529411764706 0.30460640138408307 0.12831603229527105 0.016219723183391006
1 0.07425028835063438 0.5778546712802768 0.1317762399077278 0.09039792387543252
0 0.07093425605536333 0.6771193771626298 0.132641291810842 0.10813148788927336
0 0.056372549019607844 0.7728157439446367 0.11274509803921569 0.044333910034602075
0 0.1917531718569781 0.759515570934256 0.07151095732410612 0.019896193771626297
0 0.4978373702422145 0.7862240484429066 0.49740484429065746 0.03352076124567474
0 0.07280853517877739 0.89435553633218 0.14331026528258362 0.19355536332179932
0 0.1845444059976932 0.8117430795847751 0.03114186851211073 0.009731833910034602
0 0.23861014994232987 0.9054930795847751 0.15945790080738179 0.1647923875432526
0 0.4091695501730104 0.8925173010380623 0.1643598615916955 0.17560553633217993
0 0.5831891580161477 0.8890570934256056 0.16234140715109574 0.16868512110726644
0 0.7572087658592849 0.8906790657439446 0.16147635524798154 0.17625432525951557
