0 0.16335063437139563 0.07536764705882353 0.20905420991926182 0.035683391003460206
0 0.39186851211072665 0.11959342560553633 0.6776239907727797 0.03243944636678201
0 0.36692618223760093 0.1547361591695502 0.18252595155709342 0.02703287197231834
0 0.4010957324106113 0.22372404844290658 0.6805074971164937 0.05990484429065744
0 0.4018166089965398 0.33564013840830453 0.6502306805074971 0.11634948096885814
0 0.18382352941176472 0.43079584775086505 0.2690311418685121 0.014705882352941176
0 0.40152825836216843 0.4505839100346021 0.6986735870818916 0.020544982698961937
0 0.28229527104959634 0.467560553633218 0.461361014994233 0.01773356401384083
0 0.254757785467128 0.48734861591695505 0.4166666666666667 0.016219723183391006
0 0.4000865051903114 0.5495242214532872 0.7084775086505191 0.07569204152249136
0 0.39749134948096887 0.6306228373702423 0.7165513264129181 0.05839100346020761
0 0.03215109573241061 0.7126946366782008 0.018742791234140715 0.016219723183391006
0 0.24077277970011535 0.7135596885813149 0.3685121107266436 0.01578719723183391
0 0.19939446366782007 0.7359429065743945 0.36476355247981546 0.01730103806228374
0 0.0658881199538639 0.7701124567474049 0.07352941176470588 0.021626297577854673
0 0.27249134948096887 0.8640787197231834 0.33102652825836215 0.2000432525951557
0 0.06127450980392157 0.934688581314879 0.0856401384083045 0.019896193771626297
0 0.5010092272203 0.711613321799308 0.023933102652825836 0.01838235294117647
0 0.7143886966551327 0.7454584775086506 0.3912918108419839 0.08391003460207613
0 0.5010092272203 0.8541306228373703 0.016435986159169552 0.01578719723183391
0 0.7172722029988466 0.8847318339100346 0.39302191464821223 0.08866782006920415
