0 0.47794117647058826 0.018490484429065746 0.5671856978085352 0.03698096885813149
1 0.06329296424452134 0.015462802768166091 0.12658592848904268 0.030925605536332182
0 0.1463379469434833 0.09937283737024222 0.2903690888119954 0.12391868512110726
1 0.3816320645905421 0.06693339100346021 0.08794694348327567 0.017949826989619378
1 0.620242214532872 0.2045847750865052 0.31141868512110726 0.3243944636678201
0 0.3835063437139562 0.15798010380622837 0.1332179930795848 0.13948961937716264
0 0.06300461361014995 0.18566176470588236 0.1254325259515571 0.01838235294117647
1 0.3168973471741638 0.08445069204152249 0.02306805074971165 0.01189446366782007
1 0.44622260668973474 0.23161764705882354 0.022202998846597464 0.015138408304498271
0 0.21871395617070358 0.21864186851211073 0.15715109573241062 0.10164359861591696
0 0.06790657439446367 0.32244809688581316 0.13581314878892733 0.2573529411764706
0 0.22246251441753173 0.35834775086505194 0.15715109573241062 0.17560553633217993
0 0.3946078431372549 0.46215397923875434 0.1715686274509804 0.41998269896193774
0 0.854959630911188 0.1453287197231834 0.15513264129181084 0.18771626297577856
0 0.8693771626297578 0.291522491349481 0.15051903114186851 0.10596885813148789
0 0.8801903114186852 0.40646626297577854 0.1519607843137255 0.12262110726643599
0 0.8957612456747405 0.555363321799308 0.16291810841983853 0.17517301038062283
0 0.9036908881199539 0.6841479238754326 0.15570934256055363 0.08109861591695502
0 0.5651672433679354 0.45815311418685123 0.16493656286043828 0.17625432525951557
0 0.7226066897347174 0.4283088235294118 0.15570934256055363 0.12218858131487889
0 0.7312572087658593 0.5432525951557093 0.15282583621683968 0.10856401384083045
1 0.14922145328719724 0.5353589965397924 0.2961361014994233 0.15895328719723184
0 0.7396193771626298 0.6654411764705882 0.15513264129181084 0.12932525951557095
0 0.5723760092272203 0.6421929065743944 0.16493656286043828 0.19312283737024222
0 0.4068627450980392 0.711613321799308 0.15859284890426759 0.07028546712802769
0 0.23385236447520186 0.6859861591695502 0.15859284890426759 0.13451557093425606
0 0.07742214532871973 0.8125 0.15426758938869667 0.3745674740484429
0 0.2501441753171857 0.878135813148789 0.15945790080738179 0.20436851211072665
0 0.5759803921568628 0.7738970588235294 0.2759515570934256 0.03352076124567474
0 0.4162341407151096 0.885272491349481 0.15715109573241062 0.1676038062283737
0 0.5745386389850058 0.8748918685121108 0.14907727797001155 0.15895328719723184
0 0.7352941176470589 0.8638624567474049 0.14648212226066898 0.15419550173010382
0 0.8974913494809689 0.8219074394463668 0.14331026528258362 0.17192906574394465
0 0.9251730103806228 0.9184688581314879 0.07929642445213379 0.01903114186851211
