0 0.6877162629757786 0.05374134948096886 0.1908881199538639 0.01838235294117647
0 0.8333333333333334 0.05579584775086505 0.016724336793540948 0.015138408304498271
0 0.8153114186851211 0.11234861591695502 0.05968858131487889 0.018814878892733564
0 0.30103806228373703 0.14586937716262977 0.3777393310265283 0.020977508650519033
1 0.8037773933102653 0.05557958477508651 0.03258362168396771 0.029844290657439446
1 0.31833910034602075 0.3940311418685121 0.265282583621684 0.1323529411764706
1 0.5983275663206459 0.3913278546712803 0.26585928489042676 0.13343425605536333
3 0.4555940023068051 0.7262110726643599 0.26874279123414074 0.030276816608996542
3 0.45170126874279126 0.7852508650519031 0.24077277970011535 0.04974048442906574
3 0.455161476355248 0.872188581314879 0.27249134948096887 0.021626297577854673
3 0.4476643598615917 0.9276600346020761 0.22001153402537485 0.04390138408304498
3 0.25418108419838525 0.6838235294117647 0.2177047289504037 0.02422145328719723
3 0.5216262975778547 0.6832828719723184 0.21626297577854672 0.024437716262975778
3 0.46453287197231835 0.10748269896193773 0.10380622837370243 0.05579584775086505
0 0.24336793540945792 0.17344290657439446 0.3431372549019608 0.02422145328719723
0 0.46064013840830453 0.2554065743944637 0.7851787773933103 0.12110726643598617
0 0.459919261822376 0.49751297577854675 0.2358708189158016 0.020544982698961937
0 0.34068627450980393 0.4713451557093426 0.024509803921568627 0.017949826989619378
0 0.594002306805075 0.4732915224913495 0.0196078431372549 0.016219723183391006
0 0.45891003460207613 0.5632569204152249 0.8117070357554786 0.09364186851211073
0 0.21294694348327567 0.6265138408304498 0.330161476355248 0.025519031141868515
0 0.4602076124567474 0.6594939446366782 0.7439446366782008 0.022275086505190313
0 0.11534025374855825 0.6832828719723184 0.05709342560553633 0.020977508650519033
0 0.390282583621684 0.6834991349480969 0.04181084198385237 0.022707612456747406
0 0.7471164936562861 0.6814446366782008 0.23356401384083045 0.019463667820069204
0 0.1391291810841984 0.704909169550173 0.17964244521337946 0.022275086505190313
0 0.8376585928489043 0.7262110726643599 0.061130334486735875 0.025951557093425608
0 0.10668973471741638 0.7487024221453288 0.11014994232987313 0.02422145328719723
0 0.8383794694348328 0.7818987889273357 0.07122260668973472 0.02487024221453287
0 0.8398212226066898 0.8625648788927336 0.05968858131487889 0.02487024221453287
0 0.8405420991926182 0.9198745674740485 0.05997693194925029 0.022707612456747406
0 0.8307381776239908 0.9649653979238755 0.031718569780853516 0.01773356401384083
0 0.25418108419838525 0.834666955017301 0.4397347174163783 0.04822664359861592
0 0.09919261822376009 0.8923010380622838 0.12110726643598617 0.028114186851211073
