0 0.2048731257208766 0.06358131487889274 0.31920415224913495 0.015138408304498271
0 0.7833044982698962 0.06433823529411765 0.06430219146482122 0.0166522491349481
0 0.23760092272202998 0.2654628027681661 0.39792387543252594 0.3799740484429066
0 0.6692618223760093 0.33791089965397925 0.44232987312572086 0.5248702422145329
0 0.0726643598615917 0.46766868512110726 0.07958477508650519 0.020112456747404844
0 0.08938869665513265 0.49653979238754326 0.11534025374855825 0.01730103806228374
0 0.23947520184544407 0.5574178200692042 0.43050749711649366 0.108780276816609
2 0.4553056516724337 0.6875 0.870242214532872 0.13105536332179932
2 0.2374567474048443 0.8291522491349481 0.4287773933102653 0.08001730103806229
0 0.11649365628604383 0.7804930795847751 0.1787773933102653 0.016003460207612456
0 0.6980968858131488 0.8475346020761246 0.44232987312572086 0.19333910034602075
0 0.24178200692041524 0.9243079584775087 0.44896193771626297 0.09429065743944637
