0 0.6999711649365629 0.057525951557093426 0.211361014994233 0.025951557093425608
0 0.28734140715109574 0.15289792387543252 0.4022491349480969 0.025519031141868515
3 0.4531430219146482 0.11105103806228374 0.22058823529411764 0.061634948096885814
3 0.45126874279123413 0.20642301038062286 0.3021914648212226 0.07288062283737025
1 0.2450980392156863 0.3296929065743945 0.14648212226066898 0.1680363321799308
1 0.6224048442906575 0.3316392733564014 0.20905420991926182 0.1676038062283737
0 0.24034025374855825 0.4358780276816609 0.09371395617070358 0.02487024221453287
0 0.620674740484429 0.4375 0.0856401384083045 0.025951557093425608
0 0.29224336793540945 0.49297145328719727 0.36764705882352944 0.0296280276816609
0 0.44694348327566324 0.5560121107266436 0.7848904267589389 0.051903114186851215
0 0.45098039215686275 0.7159385813148789 0.8073817762399077 0.21734429065743946
0 0.8047866205305652 0.595696366782007 0.08650519031141869 0.027465397923875434
0 0.4472318339100346 0.9149005190311419 0.8246828143021915 0.061634948096885814
3 0.4524221453287197 0.5954801038062284 0.13552479815455595 0.02487024221453287
3 0.4495386389850058 0.8559688581314879 0.1643598615916955 0.05839100346020761
0 0.8170415224913495 0.9660467128027682 0.056228373702422146 0.02422145328719723
