0 0.2106401384083045 0.09991349480968859 0.31516724336793545 0.03460207612456748
0 0.7722029988465975 0.09234429065743945 0.06747404844290658 0.015138408304498271
0 0.6649365628604383 0.4550173010380623 0.4221453287197232 0.7028546712802768
1 0.24178200692041524 0.188689446366782 0.2644175317185698 0.14121972318339102
0 0.23846597462514418 0.2780060553633218 0.39215686274509803 0.03308823529411765
0 0.08607266435986159 0.310121107266436 0.07410611303344868 0.02249134948096886
0 0.24178200692041524 0.47058823529411764 0.4028258362168397 0.2897923875432526
0 0.24192618223760093 0.7242647058823529 0.40657439446366783 0.20025951557093427
0 0.30089388696655134 0.8764057093425606 0.3036332179930796 0.08369377162629758
0 0.7331314878892734 0.8645112456747405 0.29901960784313725 0.09450692041522492
0 0.47058823529411764 0.9538278546712803 0.10495963091118801 0.0166522491349481
1 0.5282583621683968 0.8846237024221454 0.10092272202998846 0.11180795847750866
1 0.0852076124567474 0.9009515570934257 0.10294117647058824 0.11678200692041522
