1 0.28835063437139563 0.0446583044982699 0.4146482122260669 0.0893166089965398
0 0.7478373702422145 0.03319636678200692 0.4339677047289504 0.06379757785467129
0 0.7504325259515571 0.1274870242214533 0.44607843137254904 0.1217560553633218
0 0.3088235294117647 0.1071583044982699 0.23356401384083045 0.01838235294117647
1 0.16291810841983853 0.10261678200692041 0.03690888119953864 0.025302768166089964
0 0.2828719723183391 0.12099913494809689 0.4671280276816609 0.017949826989619378
0 0.08679354094579009 0.3264489619377163 0.060553633217993084 0.3855968858131488
0 0.14561707035755478 0.3288278546712803 0.04844290657439446 0.2843858131487889
0 0.3438581314878893 0.3078503460207613 0.3365051903114187 0.33412629757785467
0 0.46568627450980393 0.49589100346020765 0.08419838523644753 0.04757785467128028
1 0.29512687427912343 0.4970804498269896 0.2494232987312572 0.040008650519031144
0 0.7489907727797002 0.22102076124567474 0.41032295271049596 0.05666089965397924
0 0.75 0.32947664359861595 0.42675893886966554 0.15679065743944637
0 0.7530276816608997 0.43566176470588236 0.4253171856978086 0.030925605536332182
0 0.7515859284890427 0.45728806228373703 0.056228373702422146 0.010164359861591695
0 0.7518742791234141 0.5313581314878892 0.43454440599769323 0.13148788927335642
0 0.2696078431372549 0.5261678200692042 0.049596309111880045 0.010813148788927337
0 0.2778258362168397 0.601643598615917 0.4455017301038062 0.14230103806228375
0 0.5738177623990773 0.6146193771626298 0.05709342560553633 0.013408304498269897
0 0.6744521337946944 0.6386245674740485 0.22202998846597463 0.028114186851211073
0 0.6747404844290658 0.6665224913494809 0.2935409457900807 0.028546712802768166
1 0.023212226066897348 0.46842560553633217 0.046424452133794696 0.9342560553633218
1 0.18959054209919263 0.8139057093425606 0.29901960784313725 0.247621107266436
0 0.4358419838523645 0.7270761245674741 0.16003460207612458 0.07309688581314878
0 0.6718569780853518 0.723075259515571 0.2946943483275663 0.08542387543252596
0 0.9054209919261823 0.6854455017301039 0.15513264129181084 0.15938581314878894
0 0.5856401384083045 0.8016868512110726 0.44982698961937717 0.058823529411764705
0 0.5041810841983853 0.8965181660899654 0.3070934256055363 0.13083910034602075
0 0.7427912341407151 0.875 0.14705882352941177 0.08001730103806229
0 0.6877162629757786 0.9352292387543253 0.04844290657439446 0.04606401384083045
0 0.9029700115340255 0.8449394463667821 0.15426758938869667 0.14230103806228375
1 0.8445790080738178 0.9395544982698962 0.2537485582468281 0.04606401384083045
0 0.5961649365628604 0.9684256055363322 0.5902537485582469 0.012975778546712804
0 0.24971164936562862 0.9701557093425606 0.066320645905421 0.012975778546712804
0 0.1632064590542099 0.9757785467128028 0.07497116493656286 0.012543252595155709
