0 0.43829296424452135 0.14641003460207613 0.7923875432525952 0.21453287197231835
3 0.4429065743944637 0.27097750865051906 0.41810841983852365 0.03460207612456748
0 0.43641868512110726 0.3412629757785467 0.8059400230680508 0.11678200692041522
0 0.24754901960784315 0.4111159169550173 0.35899653979238755 0.02378892733564014
0 0.43728373702422146 0.6321366782006921 0.8636101499423299 0.4173875432525952
3 0.4455017301038062 0.8519679930795848 0.27162629757785467 0.024437716262975778
3 0.44449250288350634 0.9112240484429066 0.2840253748558247 0.040008650519031144
0 0.254757785467128 0.879757785467128 0.5060553633217993 0.028114186851211073
0 0.21237024221453288 0.9478806228373703 0.4137831603229527 0.030276816608996542
0 0.9201268742791234 0.859537197231834 0.040369088811995385 0.020977508650519033
0 0.9224336793540946 0.9179282006920415 0.031718569780853516 0.06336505190311419
0 0.8357843137254902 0.979779411764706 0.13696655132641292 0.02487024221453287
