1 0.6747404844290658 0.35294117647058826 0.24163783160322955 0.1323529411764706
0 0.6509515570934257 0.05179498269896194 0.18829296424452135 0.024437716262975778
0 0.7918108419838524 0.05741782006920415 0.020184544405997693 0.014057093425605537
1 0.7660034602076125 0.056444636678200696 0.030276816608996542 0.025951557093425608
0 0.42675893886966554 0.13019031141868512 0.7664359861591695 0.125
0 0.12326989619377163 0.20512543252595156 0.1767589388696655 0.02487024221453287
0 0.1391291810841984 0.23345588235294118 0.14907727797001155 0.017949826989619378
0 0.43930219146482125 0.2581098615916955 0.7482698961937716 0.02703287197231834
0 0.3070934256055363 0.28157439446366783 0.12456747404844291 0.023356401384083045
0 0.5021626297577855 0.2842776816608997 0.03892733564013841 0.018814878892733564
0 0.06819492502883506 0.30266003460207613 0.08506343713956172 0.017949826989619378
0 0.4912053056516725 0.33401816608996543 0.0591118800461361 0.018814878892733564
0 0.2732122260668974 0.39435553633217996 0.4997116493656286 0.07244809688581315
0 0.6754613610149942 0.4334991349480969 0.2632641291810842 0.020977508650519033
0 0.49668396770472895 0.45025951557093424 0.05968858131487889 0.02119377162629758
0 0.37240484429065746 0.4875648788927336 0.7165513264129181 0.025302768166089964
0 0.14028258362168397 0.5097318339100346 0.1831026528258362 0.02119377162629758
0 0.3313148788927336 0.5286548442906575 0.5622837370242215 0.020977508650519033
0 0.2050173010380623 0.5515787197231834 0.30565167243367936 0.020544982698961937
0 0.8011822376009228 0.579476643598616 0.06487889273356402 0.024437716262975778
0 0.03633217993079585 0.6362456747404844 0.049019607843137254 0.022058823529411766
0 0.3419838523644752 0.6652249134948097 0.6026528258362168 0.021626297577854673
0 0.2241926182237601 0.6913927335640139 0.3624567474048443 0.0263840830449827
0 0.8171856978085352 0.7262110726643599 0.066320645905421 0.02378892733564014
0 0.43829296424452135 0.7652465397923875 0.8183391003460208 0.031358131487889275
0 0.07179930795847751 0.7964965397923875 0.13552479815455595 0.02378892733564014
0 0.2303921568627451 0.8200692041522492 0.3662053056516724 0.022058823529411766
0 0.8199250288350635 0.8319636678200693 0.056228373702422146 0.022058823529411766
0 0.821078431372549 0.8694852941176471 0.05853517877739331 0.022707612456747406
0 0.817762399077278 0.910575259515571 0.060553633217993084 0.020544982698961937
0 0.8127162629757786 0.9606401384083045 0.03892733564013841 0.02119377162629758
3 0.27292387543252594 0.3323961937716263 0.14561707035755478 0.04282006920415225
3 0.2696078431372549 0.4516652249134948 0.12053056516724338 0.040008650519031144
3 0.430363321799308 0.5861807958477508 0.19982698961937717 0.044333910034602075
3 0.26239907727797 0.6351643598615917 0.39273356401384085 0.05233564013840831
3 0.43065167243367936 0.729779411764706 0.21482122260668973 0.04909169550173011
3 0.4346885813148789 0.8460207612456747 0.12773933102652826 0.029844290657439446
3 0.4231545559400231 0.8836505190311419 0.316320645905421 0.04757785467128028
3 0.4342560553633218 0.9341479238754326 0.23356401384083045 0.05125432525951557
