1 0.09443483275663207 0.03427768166089965 0.10178777393310266 0.02487024221453287
1 0.47217416378316035 0.3259083044982699 0.2817185697808535 0.14316608996539792
0 0.4793829296424452 0.03665657439446367 0.18944636678200694 0.024437716262975778
0 0.8095444059976932 0.05536332179930796 0.13350634371395617 0.01730103806228374
0 0.853085351787774 0.03881920415224913 0.09371395617070358 0.012326989619377162
0 0.8878316032295271 0.05503892733564014 0.02306805074971165 0.022275086505190313
0 0.4754901960784314 0.09126297577854671 0.6660899653979239 0.06314878892733564
0 0.20833333333333334 0.13613754325259517 0.23846597462514418 0.017949826989619378
0 0.8131487889273357 0.14392301038062283 0.08881199538638986 0.014057093425605537
0 0.2897923875432526 0.18263408304498271 0.33102652825836215 0.04909169550173011
0 0.6620530565167243 0.183931660899654 0.31430219146482125 0.044333910034602075
0 0.5020184544405998 0.21864186851211073 0.3489042675893887 0.021626297577854673
0 0.09659746251441753 0.6167820069204153 0.15051903114186851 0.745674740484429
0 0.24553056516724336 0.41619809688581316 0.14561707035755478 0.34104671280276816
0 0.24250288350634372 0.6230536332179931 0.14417531718569782 0.07136678200692041
0 0.24625144175317187 0.6721453287197232 0.12399077277970012 0.030276816608996542
0 0.24625144175317187 0.8352076124567475 0.14129181084198386 0.2902249134948097
0 0.3953287197231834 0.7189662629757786 0.14129181084198386 0.5097318339100346
0 0.47044405997693195 0.4257136678200692 0.27249134948096887 0.052984429065743945
0 0.5475778546712803 0.7162629757785467 0.14129181084198386 0.5099480968858132
0 0.6959342560553633 0.6065095155709342 0.13696655132641292 0.7238321799307958
0 0.8487600922722031 0.6079152249134948 0.15426758938869667 0.7201557093425606
