0 0.49927912341407155 0.0629325259515571 0.9097462514417533 0.1254325259515571
0 0.3863898500576701 0.15646626297577856 0.6510957324106114 0.06596020761245674
0 0.8700980392156863 0.5308174740484429 0.2546136101499423 0.7692474048442907
1 0.861159169550173 0.9473399653979239 0.2436562860438293 0.05947231833910035
0 0.6505190311418685 0.4142517301038062 0.17589388696655134 0.40765570934256057
0 0.467560553633218 0.6452205882352942 0.5089388696655133 0.044333910034602075
0 0.467560553633218 0.48572664359861595 0.1715686274509804 0.2616782006920415
0 0.28143021914648214 0.48399653979238755 0.16724336793540948 0.263840830449827
0 0.06531141868512111 0.1793901384083045 0.07352941176470588 0.01448961937716263
0 0.10265282583621685 0.4075475778546713 0.1787773933102653 0.4210640138408305
0 0.3846597462514418 0.1969074394463668 0.09515570934256055 0.016219723183391006
1 0.3796136101499423 0.27778979238754326 0.34746251441753173 0.14987024221453288
1 0.6492214532871973 0.7609212802768166 0.17445213379469435 0.10056228373702422
1 0.4591983852364475 0.9503676470588236 0.17387543252595156 0.076340830449827
1 0.08722606689734717 0.8792171280276817 0.17214532871972318 0.07677335640138408
0 0.2876297577854671 0.6876081314878892 0.1577277970011534 0.028762975778546713
0 0.5521914648212226 0.6865268166089966 0.33102652825836215 0.027465397923875434
0 0.08751441753171857 0.7351859861591695 0.16868512110726644 0.2147491349480969
0 0.08765859284890427 0.9611807958477508 0.17301038062283738 0.07720588235294118
0 0.27364475201845445 0.8538062283737025 0.17012687427912343 0.2897923875432526
0 0.46064013840830453 0.8114186851211073 0.1767589388696655 0.20285467128027682
0 0.6492214532871973 0.8984645328719724 0.17445213379469435 0.17149653979238755
