0 0.4679930795847751 0.09580449826989619 0.7698961937716263 0.08434256055363322
0 0.3094002306805075 0.3477508650519031 0.30565167243367936 0.02378892733564014
0 0.6929065743944637 0.3596453287197232 0.265282583621684 0.03676470588235294
0 0.23803344867358708 0.41371107266435986 0.35034602076124566 0.028114186851211073
0 0.4708765859284891 0.5321150519031143 0.8189158016147636 0.17841695501730104
0 0.23442906574394465 0.6516003460207612 0.3604382929642445 0.025951557093425608
0 0.4708765859284891 0.7240484429065744 0.8391003460207612 0.09731833910034603
0 0.24235870818915803 0.804606401384083 0.4022491349480969 0.031358131487889275
0 0.4679930795847751 0.8900302768166091 0.8535178777393311 0.12651384083044984
0 0.9473760092272203 0.8602941176470589 0.030276816608996542 0.021626297577854673
0 0.9466551326412919 0.9192257785467128 0.025951557093425608 0.05947231833910035
0 0.7931084198385236 0.9786980968858132 0.26672433679354096 0.016219723183391006
1 0.30651672433679356 0.26611159169550175 0.3575547866205306 0.12651384083044984
1 0.6792099192618224 0.2407006920415225 0.14273356401384082 0.19463667820069205
