0 0.4607843137254902 0.07525951557093426 0.7612456747404844 0.02378892733564014
0 0.10322952710495964 0.09472318339100347 0.05478662053056517 0.015138408304498271
1 0.4615051903114187 0.1687932525951557 0.595444059976932 0.11786332179930796
0 0.4600634371395617 0.24178200692041524 0.26095732410611305 0.02378892733564014
0 0.4607843137254902 0.3428849480968858 0.792964244521338 0.1546280276816609
1 0.45573817762399077 0.5007569204152249 0.5867935409457901 0.15679065743944637
0 0.4629469434832757 0.5959126297577855 0.2782583621683968 0.02703287197231834
0 0.4571799307958478 0.6624134948096886 0.8145905420991927 0.06920415224913495
0 0.23947520184544407 0.7240484429065744 0.38783160322952714 0.028114186851211073
0 0.4622260668973472 0.7867647058823529 0.8333333333333334 0.07352941176470588
0 0.16306228373702422 0.8365051903114187 0.131199538638985 0.021626297577854673
0 0.31300461361015 0.8608347750865052 0.4426182237600923 0.022707612456747406
0 0.41608996539792387 0.8846237024221454 0.654555940023068 0.01838235294117647
0 0.2647058823529412 0.9273356401384083 0.3575547866205306 0.04541522491349481
0 0.9192618223760093 0.8602941176470589 0.03748558246828143 0.02378892733564014
0 0.9178200692041523 0.9121972318339101 0.03460207612456748 0.06271626297577855
0 0.8233852364475203 0.9722102076124568 0.13985005767012687 0.020544982698961937
