1 0.4492502883506344 0.1855536332179931 0.4555940023068051 0.19679930795847753
0 0.44997116493656286 0.29801038062283736 0.3820645905420992 0.028114186851211073
0 0.44708765859284894 0.3628892733564014 0.7742214532871973 0.08650519031141869
0 0.29498269896193774 0.41911764705882354 0.40369088811995385 0.025951557093425608
1 0.4542964244521338 0.516976643598616 0.5320069204152249 0.16976643598615918
0 0.44708765859284894 0.614294982698962 0.24653979238754326 0.022707612456747406
0 0.4478085351787774 0.6883650519031143 0.8160322952710496 0.0929930795847751
1 0.4658304498269896 0.8348832179930796 0.5175893886966552 0.1870674740484429
0 0.45213379469434833 0.9430147058823529 0.16147635524798154 0.022707612456747406
0 0.904123414071511 0.878135813148789 0.04181084198385237 0.020544982698961937
0 0.9048442906574394 0.9289576124567475 0.03460207612456748 0.05947231833910035
0 0.8262687427912342 0.9851859861591696 0.11101499423298732 0.022707612456747406
