1 0.11534025374855825 0.057742214532871976 0.1522491349480969 0.038494809688581315
1 0.5425317185697809 0.12532439446366783 0.4483852364475202 0.07504325259515571
0 0.759515570934256 0.076340830449827 0.21626297577854672 0.01730103806228374
0 0.10596885813148789 0.11699826989619377 0.13465974625144175 0.06704152249134948
0 0.46568627450980393 0.21128892733564014 0.7993079584775087 0.06531141868512111
0 0.11433102652825837 0.2521626297577855 0.056228373702422146 0.012975778546712804
1 0.066320645905421 0.25832612456747406 0.04844290657439446 0.027465397923875434
1 0.8373702422145329 0.26297577854671284 0.01730103806228374 0.012975778546712804
1 0.6091407151095732 0.32774653979238755 0.28633217993079585 0.1546280276816609
0 0.3467416378316032 0.2702205882352941 0.252883506343714 0.0361159169550173
0 0.1055363321799308 0.41998269896193774 0.1384083044982699 0.2837370242214533
0 0.3215109573241061 0.3931660899653979 0.2820069204152249 0.1903114186851211
0 0.6088523644752019 0.44831314878892736 0.28690888119953867 0.08434256055363322
0 0.8682237600922722 0.262651384083045 0.043252595155709346 0.01578719723183391
0 0.8311707035755479 0.5021626297577855 0.14619377162629757 0.43858131487889274
0 0.8300173010380623 0.8411548442906575 0.14273356401384082 0.23724048442906576
0 0.24841407151095732 0.4978373702422145 0.12831603229527105 0.01124567474048443
1 0.34630911188004615 0.5016219723183392 0.03748558246828143 0.01448961937716263
1 0.06920415224913495 0.5845588235294118 0.051326412918108424 0.028114186851211073
0 0.3931660899653979 0.4983780276816609 0.05334486735870819 0.013624567474048443
0 0.5387831603229527 0.5207612456747405 0.24653979238754326 0.02378892733564014
0 0.2512975778546713 0.5859645328719724 0.13408304498269896 0.1477076124567474
0 0.5384948096885813 0.6313797577854672 0.4287773933102653 0.18966262975778547
0 0.39792387543252594 0.7371323529411765 0.05536332179930796 0.016219723183391006
0 0.11966551326412918 0.5769896193771626 0.04844290657439446 0.010813148788927337
0 0.11461937716262977 0.7944420415224914 0.145040369088812 0.37521626297577854
0 0.2573529411764706 0.8887326989619377 0.1317762399077278 0.16500865051903116
1 0.2511534025374856 0.7341046712802768 0.13552479815455595 0.1433823529411765
1 0.3493367935409458 0.7414576124567475 0.03892733564013841 0.022707612456747406
0 0.5435409457900807 0.7573529411764706 0.3033448673587082 0.02422145328719723
0 0.5406574394463668 0.8689446366782008 0.4348327566320646 0.19247404844290658
