0 0.4658304498269896 0.07623269896193773 0.2511534025374856 0.03179065743944637
0 0.47029988465974626 0.19041955017301038 0.8056516724336794 0.17365916955017302
0 0.2971453287197232 0.30190311418685123 0.476643598615917 0.030276816608996542
0 0.46352364475201846 0.35661764705882354 0.8151672433679354 0.06790657439446367
0 0.20573817762399077 0.4017084775086505 0.22866205305651674 0.026600346020761247
0 0.18021914648212226 0.4338235294117647 0.18166089965397925 0.030276816608996542
0 0.21193771626297578 0.4650735294117647 0.2450980392156863 0.026600346020761247
0 0.2835928489042676 0.49751297577854675 0.3901384083044983 0.026600346020761247
0 0.45963091118800464 0.5387110726643599 0.8385236447520185 0.041089965397923874
3 0.3206459054209919 0.43490484429065746 0.09919261822376009 0.03243944636678201
3 0.5679065743944637 0.4953503460207613 0.18194925028835063 0.03827854671280277
0 0.17214532871972318 0.5876946366782007 0.2710495963091119 0.03827854671280277
0 0.3187716262975779 0.6237024221453288 0.473760092272203 0.025086505190311418
0 0.4818339100346021 0.6504108996539792 0.8096885813148789 0.026600346020761247
0 0.11779123414071511 0.6723615916955018 0.15657439446366783 0.024653979238754325
0 0.23269896193771628 0.7102076124567475 0.31891580161476357 0.04974048442906574
0 0.4818339100346021 0.7491349480968859 0.828719723183391 0.029411764705882353
0 0.12745098039215685 0.7750865051903114 0.19492502883506344 0.028114186851211073
0 0.4740484429065744 0.7988754325259516 0.7923875432525952 0.028114186851211073
0 0.26975201845444063 0.8399653979238755 0.4028258362168397 0.05103806228373703
0 0.48514994232987313 0.8734861591695502 0.8238177623990773 0.02032871972318339
0 0.05536332179930796 0.8961937716262977 0.05651672433679354 0.025086505190311418
0 0.07612456747404844 0.9520977508650519 0.10957324106113034 0.027465397923875434
0 0.4822664359861592 0.9250648788927336 0.8353517877739332 0.0296280276816609
0 0.9470876585928489 0.8760813148788927 0.03258362168396771 0.019463667820069204
0 0.9505478662053057 0.9326340830449827 0.0395040369088812 0.06206747404844291
0 0.8634659746251442 0.9914576124567475 0.12312572087658594 0.0166522491349481
