0 0.23990772779700115 0.04876730103806229 0.4354094579008074 0.0231401384083045
0 0.7688869665513265 0.043360726643598614 0.07006920415224914 0.020977508650519033
1 0.635957324106113 0.18944636678200694 0.36649365628604386 0.25519031141868515
0 0.6423010380622838 0.34645328719723184 0.4022491349480969 0.056228373702422146
0 0.22015570934256057 0.12673010380622837 0.41320645905420994 0.13408304498269896
2 0.21972318339100347 0.2261029411764706 0.4008073817762399 0.06336505190311419
1 0.22073241061130336 0.3367214532871972 0.3757208765859285 0.1578719723183391
1 0.6548442906574394 0.5321150519031143 0.28662053056516723 0.3064446366782007
1 0.22837370242214533 0.5364403114186851 0.2722029988465975 0.16371107266435986
0 0.19953863898500576 0.43695934256055363 0.3621683967704729 0.0296280276816609
0 0.2302479815455594 0.639273356401384 0.43742791234140715 0.043252595155709346
0 0.23269896193771628 0.7956314878892734 0.4284890426758939 0.2711937716262976
0 0.6769031141868512 0.801794982698962 0.44031141868512114 0.23421280276816608
