0 0.21568627450980393 0.07417820069204152 0.31718569780853517 0.01730103806228374
0 0.7779700115340255 0.07580017301038063 0.06343713956170703 0.014057093425605537
0 0.22001153402537485 0.1039143598615917 0.328719723183391 0.022707612456747406
2 0.24091695501730104 0.14554498269896193 0.37341407151095735 0.05406574394463668
0 0.2358708189158016 0.254757785467128 0.3719723183391004 0.15354671280276816
0 0.6316320645905421 0.2066392733564014 0.37918108419838525 0.2411332179930796
1 0.441320645905421 0.372621107266436 0.6704152249134948 0.07785467128027682
0 0.4480968858131488 0.41792820069204156 0.5461361014994233 0.011461937716262976
0 0.4417531718569781 0.4452854671280277 0.2664359861591696 0.030276816608996542
1 0.25245098039215685 0.5317906574394464 0.22577854671280279 0.13105536332179932
0 0.13033448673587084 0.5317906574394464 0.01845444059976932 0.05060553633217993
0 0.2673010380622837 0.6056444636678201 0.06920415224913495 0.012326989619377162
0 0.1715686274509804 0.629757785467128 0.23356401384083045 0.025951557093425608
0 0.12831603229527105 0.6539792387543253 0.14705882352941177 0.01384083044982699
0 0.24855824682814304 0.7228589965397925 0.37946943483275664 0.11397058823529412
0 0.24524221453287198 0.8129325259515571 0.3768742791234141 0.06358131487889274
3 0.2566320645905421 0.8705666089965398 0.3517877739331027 0.04606401384083045
0 0.44218569780853517 0.9037629757785467 0.0729527104959631 0.014273356401384083
3 0.6509515570934257 0.476643598615917 0.35207612456747406 0.028114186851211073
3 0.6509515570934257 0.5120025951557093 0.35784313725490197 0.030925605536332182
0 0.6394175317185699 0.5981833910034602 0.3809111880046136 0.14273356401384082
0 0.6427335640138409 0.7866565743944637 0.3875432525951557 0.2212370242214533
