0 0.45198961937716264 0.1164576124567474 0.7661476355247981 0.14381487889273356
0 0.16839677047289506 0.1969074394463668 0.12687427912341406 0.020544982698961937
0 0.4505478662053057 0.2748702422145329 0.780565167243368 0.12975778546712805
0 0.4541522491349481 0.3727292387543253 0.1447520184544406 0.02487024221453287
0 0.4681372549019608 0.4522058823529412 0.7626874279123415 0.08866782006920415
0 0.08823529411764706 0.5086505190311419 0.09515570934256055 0.02119377162629758
0 0.44333910034602075 0.5538494809688581 0.7228950403690888 0.06704152249134948
0 0.319636678200692 0.6144031141868512 0.4743367935409458 0.041089965397923874
0 0.4700115340253749 0.6475994809688581 0.7820069204152249 0.020112456747404844
0 0.45011534025374855 0.6967993079584776 0.8333333333333334 0.07179930795847751
0 0.35899653979238755 0.7481617647058824 0.5818915801614764 0.020112456747404844
0 0.9251730103806228 0.8476427335640139 0.030276816608996542 0.020112456747404844
0 0.9273356401384083 0.9040873702422145 0.02883506343713956 0.061634948096885814
0 0.8520761245674741 0.9638840830449827 0.1118800461361015 0.019896193771626297
