0 0.2710495963091119 0.06823096885813149 0.43252595155709345 0.01578719723183391
0 0.7923875432525952 0.06931228373702422 0.061707035755478666 0.0166522491349481
0 0.24769319492502884 0.15798010380622837 0.3835063437139562 0.15635813148788927
0 0.6505190311418685 0.11656574394463669 0.3760092272202999 0.07655709342560554
0 0.6009227220299885 0.17030709342560554 0.2750865051903114 0.022275086505190313
2 0.6606113033448674 0.20912629757785467 0.3846597462514418 0.05406574394463668
3 0.2557670126874279 0.26838235294117646 0.3765859284890427 0.028114186851211073
0 0.171280276816609 0.24416089965397925 0.2537485582468281 0.014273356401384083
1 0.6606113033448674 0.3220155709342561 0.22145328719723184 0.14403114186851212
0 0.24754901960784315 0.3774870242214533 0.41608996539792387 0.18879757785467127
0 0.5811707035755479 0.4103589965397924 0.22231833910034604 0.030925605536332182
0 0.692762399077278 0.5180579584775087 0.4339677047289504 0.18447231833910036
2 0.6898788927335641 0.6445717993079585 0.4282006920415225 0.06985294117647059
1 0.696078431372549 0.7696799307958477 0.37139561707035756 0.15441176470588236
1 0.25043252595155713 0.6445717993079585 0.3566897347174164 0.34234429065743943
0 0.1322087658592849 0.8436418685121108 0.22981545559400232 0.03676470588235294
0 0.2442329873125721 0.9253892733564014 0.4480968858131488 0.11115916955017302
0 0.7086216839677048 0.9130622837370242 0.45184544405997695 0.11245674740484429
