0 0.427479815455594 0.2747621107266436 0.7938292964244522 0.43576989619377166
0 0.4329584775086505 0.5322231833910035 0.34746251441753173 0.030276816608996542
0 0.42964244521337946 0.6187283737024222 0.8194925028835064 0.09731833910034603
0 0.16147635524798154 0.6946366782006921 0.2877739331026528 0.02422145328719723
0 0.4310841983852365 0.7457828719723184 0.8327566320645906 0.052984429065743945
0 0.11389850057670127 0.7862240484429066 0.12456747404844291 0.02487024221453287
0 0.42647058823529416 0.873810553633218 0.8477508650519031 0.15895328719723184
0 0.9039792387543253 0.8587802768166091 0.03690888119953864 0.019463667820069204
0 0.9054209919261823 0.9143598615916956 0.03517877739331027 0.06704152249134948
0 0.821078431372549 0.9736159169550174 0.13927335640138408 0.019896193771626297
