0 0.7011245674740485 0.06282439446366782 0.20617070357554787 0.02487024221453287
0 0.8506343713956172 0.06639273356401384 0.025374855824682817 0.02119377162629758
1 0.8206459054209919 0.06585207612456748 0.031718569780853516 0.0296280276816609
0 0.12687427912341406 0.08855968858131488 0.04382929642445214 0.022275086505190313
0 0.8326124567474049 0.12910899653979238 0.0527681660899654 0.01773356401384083
0 0.8326124567474049 0.17149653979238755 0.05392156862745098 0.01730103806228374
0 0.47909457900807384 0.22913062283737026 0.7655709342560554 0.10532006920415225
0 0.8372260668973472 0.29887543252595156 0.05334486735870819 0.025519031141868515
0 0.19463667820069205 0.3064446366782007 0.21568627450980393 0.01773356401384083
0 0.45876585928489044 0.34320934256055363 0.6632064590542099 0.0393598615916955
0 0.8444348327566321 0.3953287197231834 0.06487889273356402 0.04974048442906574
0 0.4764994232987313 0.4440960207612457 0.7909457900807382 0.040008650519031144
0 0.8463091118800462 0.506704152249135 0.06401384083044982 0.01730103806228374
0 0.10452710495963091 0.5448745674740485 0.06257208765859285 0.020112456747404844
0 0.8441464821222607 0.5929930795847751 0.06718569780853519 0.04930795847750865
0 0.4743367935409458 0.7073961937716263 0.8252595155709342 0.1643598615916955
0 0.21727220299884661 0.8016868512110726 0.24077277970011535 0.025519031141868515
0 0.08290080738177624 0.8921929065743945 0.08852364475201846 0.029195501730103806
0 0.856401384083045 0.9241998269896194 0.06978085351787774 0.022707612456747406
0 0.8532295271049597 0.9701557093425606 0.020184544405997693 0.015138408304498271
3 0.4822664359861592 0.1395977508650519 0.22001153402537485 0.07244809688581315
3 0.4764994232987313 0.2929282006920415 0.2517301038062284 0.028762975778546713
3 0.4796712802768166 0.3945717993079585 0.18886966551326415 0.06336505190311419
3 0.4728950403690888 0.5064878892733564 0.4290657439446367 0.06747404844290658
3 0.47102076124567477 0.5935337370242215 0.13408304498269896 0.0685553633217993
3 0.47606689734717417 0.8267733564013842 0.08362168396770474 0.028114186851211073
3 0.47116493656286046 0.8644031141868512 0.1384083044982699 0.047145328719723184
3 0.4555940023068051 0.9341479238754326 0.3292964244521338 0.04909169550173011
