0 0.31242791234140715 0.1372188581314879 0.09948096885813149 0.0296280276816609
0 0.518598615916955 0.14262543252595156 0.25519031141868515 0.0296280276816609
0 0.45371972318339104 0.26124567474048443 0.7626874279123415 0.15354671280276816
0 0.22015570934256057 0.3673226643598616 0.3070934256055363 0.022707612456747406
0 0.19896193771626297 0.41868512110726647 0.27335640138408307 0.02378892733564014
0 0.4563148788927336 0.4716695501730104 0.7794117647058824 0.06271626297577855
1 0.2710495963091119 0.5659602076124568 0.35121107266435986 0.11072664359861592
1 0.6310553633217993 0.565635813148789 0.36764705882352944 0.1157006920415225
0 0.4602076124567474 0.6611159169550174 0.21914648212226068 0.023356401384083045
0 0.18569780853517878 0.6330017301038062 0.03460207612456748 0.014705882352941176
0 0.35250865051903113 0.6308391003460208 0.03258362168396771 0.013408304498269897
0 0.5493079584775087 0.6305147058823529 0.0265282583621684 0.016219723183391006
0 0.459919261822376 0.7459991349480969 0.8241061130334487 0.13775951557093427
0 0.845876585928489 0.8171496539792388 0.05046136101499423 0.01838235294117647
0 0.461361014994233 0.8692690311418685 0.8269896193771626 0.06639273356401384
0 0.28445790080738176 0.9181444636678201 0.4108996539792388 0.022707612456747406
0 0.7515859284890427 0.9094939446366782 0.03892733564013841 0.020544982698961937
0 0.8347750865051904 0.9606401384083045 0.02825836216839677 0.02119377162629758
3 0.45703575547866204 0.8265570934256056 0.17647058823529413 0.023356401384083045
3 0.6105824682814303 0.9130622837370242 0.23442906574394465 0.02768166089965398
3 0.461361014994233 0.9400951557093425 0.08708189158016148 0.019896193771626297
