0 0.703287197231834 0.047469723183391 0.2306805074971165 0.024437716262975778
0 0.29988465974625145 0.08715397923875433 0.47808535178777395 0.02378892733564014
0 0.22678777393310265 0.11397058823529412 0.07352941176470588 0.019896193771626297
3 0.6802191464821222 0.08964100346020762 0.2825836216839677 0.030925605536332182
3 0.1258650519031142 0.11753892733564014 0.11966551326412918 0.01838235294117647
3 0.296280276816609 0.14965397923875434 0.211361014994233 0.04282006920415225
0 0.5197520184544406 0.1472750865051903 0.0729527104959631 0.019463667820069204
0 0.31141868512110726 0.2172361591695502 0.5040369088811996 0.10099480968858132
0 0.3751441753171857 0.3069852941176471 0.6314878892733564 0.07201557093425606
0 0.696078431372549 0.26913927335640137 0.0922722029988466 0.025302768166089964
1 0.689446366782007 0.17884948096885814 0.23933102652825836 0.13667820069204153
3 0.44449250288350634 0.3709991349480969 0.25519031141868515 0.044333910034602075
3 0.44405997693194926 0.461613321799308 0.1332179930795848 0.07850346020761247
3 0.4505478662053057 0.5798010380622838 0.20674740484429066 0.04974048442906574
3 0.4480968858131488 0.6862024221453288 0.14129181084198386 0.05406574394463668
3 0.45025951557093424 0.7546496539792388 0.17445213379469435 0.027465397923875434
0 0.06963667820069204 0.4084126297577855 0.03892733564013841 0.02487024221453287
0 0.7965686274509804 0.4578287197231834 0.07987312572087658 0.030709342560553635
0 0.2905132641291811 0.5286548442906575 0.46626297577854675 0.04692906574394464
0 0.8047866205305652 0.5773140138408305 0.08362168396770474 0.0296280276816609
0 0.44982698961937717 0.634083044982699 0.7923875432525952 0.05795847750865052
0 0.18526528258362168 0.7295631487889274 0.277681660899654 0.031358131487889275
0 0.38422722029988465 0.816068339100346 0.6092848904267589 0.01838235294117647
3 0.44434832756632064 0.8582396193771626 0.132641291810842 0.061634948096885814
3 0.45371972318339104 0.9298226643598616 0.10813148788927336 0.0426038062283737
0 0.3294405997693195 0.8986807958477508 0.5544982698961938 0.020544982698961937
0 0.8073817762399077 0.9801038062283738 0.06286043829296424 0.0263840830449827
