0 0.7042964244521338 0.025302768166089964 0.21539792387543252 0.02422145328719723
0 0.8628892733564014 0.0296280276816609 0.019319492502883506 0.019896193771626297
1 0.8326124567474049 0.028222318339100348 0.036620530565167245 0.029195501730103806
1 0.7014129181084199 0.1355968858131488 0.27479815455594003 0.13581314878892733
0 0.5012975778546713 0.07158304498269896 0.0591118800461361 0.025951557093425608
0 0.5017301038062284 0.11256487889273356 0.05997693194925029 0.02487024221453287
0 0.22678777393310265 0.1355968858131488 0.2436562860438293 0.022058823529411766
0 0.5053344867358708 0.17398356401384082 0.05968858131487889 0.0231401384083045
0 0.2994521337946944 0.21345155709342561 0.4685697808535179 0.04152249134948097
0 0.4786620530565167 0.2675173010380623 0.8154555940023068 0.06444636678200692
0 0.857843137254902 0.3329368512110727 0.06978085351787774 0.020977508650519033
0 0.46568627450980393 0.4143598615916955 0.8442906574394464 0.13408304498269896
0 0.8600057670126875 0.5153546712802768 0.07122260668973472 0.02378892733564014
0 0.467560553633218 0.5569852941176471 0.8520761245674741 0.04865916955017301
0 0.862168396770473 0.6002378892733564 0.06401384083044982 0.022707612456747406
0 0.27926758938869667 0.6189446366782008 0.47722029988465975 0.023356401384083045
0 0.8657727797001153 0.6475994809688581 0.06257208765859285 0.018814878892733564
0 0.4649653979238754 0.6762543252595156 0.8699538638985006 0.0393598615916955
0 0.8672145328719724 0.7360510380622838 0.05968858131487889 0.020544982698961937
0 0.37918108419838525 0.7730320069204153 0.6482122260668973 0.026600346020761247
0 0.8690888119953865 0.8041738754325259 0.07208765859284891 0.022707612456747406
0 0.47837370242214533 0.8281790657439446 0.8246828143021915 0.027465397923875434
0 0.8708189158016147 0.8521842560553633 0.052479815455594006 0.022707612456747406
0 0.17949826989619377 0.8752162629757786 0.31343713956170705 0.03200692041522491
0 0.8675028835063437 0.9119809688581315 0.0591118800461361 0.0263840830449827
0 0.27753748558246827 0.956098615916955 0.45069204152249137 0.03243944636678201
0 0.8595732410611303 0.9836721453287197 0.031718569780853516 0.022707612456747406
3 0.3106978085351788 0.0666089965397924 0.22001153402537485 0.041089965397923874
3 0.30565167243367936 0.10499567474048443 0.2301038062283737 0.040008650519031144
3 0.30175893886966554 0.16987456747404844 0.3157439446366782 0.04865916955017301
3 0.4707324106113034 0.32374567474048443 0.25 0.050173010380622836
3 0.4700115340253749 0.5062716262975778 0.3050749711649366 0.05406574394463668
3 0.4688581314878893 0.5951557093425606 0.19319492502883506 0.0263840830449827
3 0.4681372549019608 0.6438148788927336 0.14273356401384082 0.022058823529411766
3 0.4668396770472895 0.7321583044982699 0.40657439446366783 0.05730968858131488
3 0.461361014994233 0.8006055363321799 0.1782006920415225 0.03200692041522491
3 0.46381199538638984 0.8584558823529412 0.14561707035755478 0.03179065743944637
3 0.46424452133794697 0.9170631487889274 0.2906574394463668 0.04865916955017301
