0 0.3435697808535179 0.09018166089965399 0.5031718569780854 0.028546712802768166
0 0.23428489042675896 0.11829584775086506 0.28748558246828143 0.028546712802768166
0 0.46064013840830453 0.2970371972318339 0.7822952710495963 0.3189878892733564
0 0.4639561707035756 0.6221885813148789 0.8217993079584776 0.3226643598615917
0 0.23601499423298733 0.8112024221453288 0.37053056516724336 0.02378892733564014
0 0.46352364475201846 0.857590830449827 0.8295847750865052 0.044333910034602075
0 0.22303921568627452 0.8993295847750865 0.2696078431372549 0.020544982698961937
0 0.459919261822376 0.934688581314879 0.8414071510957324 0.05147058823529412
0 0.9245963091118801 0.8716479238754326 0.03892733564013841 0.022707612456747406
0 0.930363321799308 0.9241998269896194 0.030276816608996542 0.05730968858131488
0 0.8451557093425606 0.9855103806228374 0.12687427912341406 0.02119377162629758
