1 0.44910611303344866 0.21939878892733564 0.6900230680507498 0.29260380622837373
0 0.4495386389850058 0.3842993079584775 0.30565167243367936 0.019896193771626297
0 0.23615916955017302 0.41998269896193774 0.29411764705882354 0.01903114186851211
0 0.46640715109573244 0.4432309688581315 0.7592272202998847 0.0166522491349481
0 0.16291810841983853 0.46896626297577854 0.24163783160322955 0.022707612456747406
0 0.3431372549019608 0.5051903114186851 0.516724336793541 0.041089965397923874
0 0.4397347174163783 0.5506055363321799 0.8154555940023068 0.043252595155709346
0 0.4493944636678201 0.6759299307958477 0.8405420991926182 0.20220588235294118
3 0.37846020761245674 0.8068771626297578 0.27479815455594003 0.051903114186851215
0 0.6055363321799309 0.8030925605536332 0.1118800461361015 0.05514705882352941
0 0.44694348327566324 0.8752162629757786 0.8598615916955018 0.09126297577854671
0 0.9282006920415226 0.8640787197231834 0.03748558246828143 0.022707612456747406
0 0.9313725490196079 0.9171712802768166 0.034025374855824686 0.06487889273356402
0 0.8520761245674741 0.9757785467128028 0.11303344867358708 0.02119377162629758
