0 0.7414936562860438 0.025843425605536333 0.18886966551326415 0.022275086505190313
0 0.3546712802768166 0.07125865051903114 0.47808535178777395 0.0361159169550173
0 0.7797001153402537 0.0779628027681661 0.13552479815455595 0.02703287197231834
0 0.1384083044982699 0.11429498269896195 0.14763552479815456 0.022707612456747406
0 0.3827854671280277 0.11375432525951558 0.12024221453287198 0.02378892733564014
0 0.4591983852364475 0.16262975778546712 0.7892156862745098 0.04498269896193772
0 0.1720011534025375 0.20750432525951557 0.11966551326412918 0.0296280276816609
0 0.20256632064590543 0.2548659169550173 0.19694348327566322 0.020544982698961937
0 0.6391291810841984 0.2563797577854671 0.4483852364475202 0.02487024221453287
0 0.09544405997693195 0.2937932525951557 0.05767012687427912 0.01838235294117647
0 0.3313148788927336 0.37651384083044986 0.5565167243367936 0.02378892733564014
0 0.19968281430219148 0.4116565743944637 0.30190311418685123 0.02703287197231834
0 0.11721453287197232 0.43858131487889274 0.036043829296424454 0.02378892733564014
0 0.3284313725490196 0.44031141868512114 0.2047289504036909 0.02378892733564014
0 0.3294405997693195 0.47945501730103807 0.5689158016147635 0.04498269896193772
0 0.10697808535178778 0.532439446366782 0.11534025374855825 0.023356401384083045
0 0.47217416378316035 0.5291955017301038 0.2846020761245675 0.03503460207612457
0 0.10986159169550173 0.5796929065743944 0.12110726643598617 0.02487024221453287
0 0.5546424452133795 0.5769896193771626 0.4253171856978086 0.019463667820069204
0 0.7572087658592849 0.5183823529411765 0.10957324106113034 0.0263840830449827
0 0.1842560553633218 0.6290008650519031 0.1787773933102653 0.02703287197231834
0 0.20617070357554787 0.6805795847750865 0.21683967704728951 0.023356401384083045
0 0.5849192618223761 0.6735510380622838 0.3070934256055363 0.022275086505190313
0 0.4145040369088812 0.7249134948096886 0.7332756632064591 0.032871972318339104
0 0.1783448673587082 0.7878460207612457 0.18886966551326415 0.030276816608996542
0 0.19535755478662054 0.8400735294117647 0.22866205305651674 0.030925605536332182
0 0.5853517877739332 0.828719723183391 0.3235294117647059 0.023356401384083045
0 0.4108996539792388 0.8833261245674741 0.7329873125720877 0.03525086505190311
0 0.17906574394463667 0.9492863321799309 0.1845444059976932 0.0296280276816609
0 0.8585640138408305 0.9865916955017301 0.07006920415224914 0.022058823529411766
3 0.6448961937716263 0.07450259515570934 0.10236447520184545 0.037413494809688586
3 0.26672433679354096 0.11342993079584776 0.1118800461361015 0.04390138408304498
3 0.32612456747404844 0.20555795847750866 0.1643598615916955 0.04649653979238755
3 0.3568339100346021 0.2556228373702422 0.1115916955017301 0.04930795847750865
3 0.4630911188004614 0.327530276816609 0.1643598615916955 0.04692906574394464
3 0.18094002306805076 0.4407439446366782 0.09025374855824683 0.025951557093425608
3 0.5211937716262975 0.4392301038062284 0.17387543252595156 0.030276816608996542
3 0.24754901960784315 0.528871107266436 0.16291810841983853 0.02487024221453287
3 0.2559111880046136 0.5802335640138409 0.1652249134948097 0.04541522491349481
3 0.37817185697808536 0.6292171280276817 0.18021914648212226 0.05471453287197232
3 0.3700980392156863 0.6794982698961938 0.11678200692041522 0.04368512110726644
3 0.8131487889273357 0.6730103806228374 0.15513264129181084 0.05147058823529412
3 0.38523644752018454 0.7809256055363322 0.1845444059976932 0.051903114186851215
3 0.36692618223760093 0.8382352941176471 0.11908881199538639 0.04974048442906574
3 0.8249711649365629 0.8265570934256056 0.15570934256055363 0.054498269896193774
3 0.35712226066897346 0.9458261245674741 0.131199538638985 0.052984429065743945
1 0.7432237600922722 0.43155276816609 0.22001153402537485 0.13083910034602075
