1 0.1332179930795848 0.04552335640138409 0.2047289504036909 0.04822664359861592
0 0.7587946943483276 0.04519896193771626 0.06718569780853519 0.012975778546712804
0 0.6846885813148789 0.06141868512110727 0.21366782006920415 0.010813148788927337
0 0.33953287197231835 0.14759948096885814 0.6306228373702423 0.12262110726643599
0 0.4173875432525952 0.26070501730103807 0.7978662053056517 0.0893166089965398
0 0.4371395617070358 0.43739186851211076 0.8183391003460208 0.252378892733564
0 0.06012110726643599 0.6013192041522492 0.08160322952710496 0.022275086505190313
0 0.23846597462514418 0.7401600346020761 0.41926182237600923 0.2580017301038062
0 0.6763264129181085 0.7051254325259516 0.4299307958477509 0.289143598615917
0 0.4534313725490196 0.899113321799308 0.8912918108419838 0.10012975778546714
