0 0.41118800461361016 0.1745242214532872 0.8189158016147636 0.2858996539792388
2 0.3020472895040369 0.37402681660899656 0.31516724336793545 0.10315743944636678
2 0.6108708189158016 0.38483996539792387 0.12254901960784315 0.10099480968858132
1 0.495242214532872 0.37705449826989623 0.07583621683967705 0.029195501730103806
0 0.4145040369088812 0.451340830449827 0.3468858131487889 0.0263840830449827
0 0.4145040369088812 0.5475778546712803 0.8267012687427913 0.1444636678200692
1 0.40441176470588236 0.6661980968858132 0.5960207612456747 0.07677335640138408
0 0.41133217993079585 0.7243728373702423 0.22635524798154558 0.020977508650519033
0 0.231401384083045 0.763840830449827 0.4535755478662053 0.029844290657439446
3 0.40470011534025374 0.8722967128027682 0.4195501730103806 0.1870674740484429
0 0.8914359861591695 0.8644031141868512 0.04469434832756632 0.02422145328719723
0 0.8928777393310265 0.9238754325259516 0.027393310265282585 0.06444636678200692
0 0.7990196078431373 0.9852941176470589 0.14994232987312572 0.02378892733564014
