0 0.6888696655132641 0.04909169550173011 0.15859284890426759 0.02119377162629758
0 0.7912341407151096 0.050389273356401386 0.025951557093425608 0.01730103806228374
0 0.8506343713956172 0.050713667820069204 0.02249134948096886 0.020977508650519033
1 0.8222318339100346 0.049632352941176475 0.0331603229527105 0.026600346020761247
1 0.4757785467128028 0.30266003460207613 0.49826989619377166 0.13256920415224913
3 0.4728950403690888 0.09310121107266436 0.2647058823529412 0.03784602076124568
3 0.4808246828143022 0.20393598615916955 0.0989042675893887 0.05406574394463668
3 0.4832756632064591 0.4805363321799308 0.2825836216839677 0.045847750865051905
3 0.49264705882352944 0.5189230103806228 0.2696078431372549 0.026600346020761247
3 0.3708189158016148 0.6438148788927336 0.132641291810842 0.05666089965397924
3 0.561562860438293 0.6384083044982699 0.19694348327566322 0.08910034602076125
3 0.47909457900807384 0.7914143598615917 0.19463667820069205 0.030925605536332182
3 0.4883217993079585 0.927984429065744 0.20328719723183392 0.0929930795847751
0 0.833044982698962 0.09688581314878893 0.05478662053056517 0.021626297577854673
0 0.3558246828143022 0.12262110726643599 0.4786620530565167 0.02422145328719723
0 0.4678489042675894 0.1583044982698962 0.7949826989619377 0.04152249134948097
0 0.8365051903114187 0.2082612456747405 0.07497116493656286 0.02378892733564014
0 0.4808246828143022 0.4134948096885813 0.1709919261822376 0.02119377162629758
0 0.3489042675893887 0.3904628027681661 0.032295271049596314 0.016219723183391006
0 0.5012975778546713 0.39111159169550175 0.027393310265282585 0.016219723183391006
0 0.6578719723183392 0.39024653979238755 0.024509803921568627 0.020112456747404844
0 0.4354094579008074 0.4437716262975779 0.6482122260668973 0.02422145328719723
0 0.856401384083045 0.49491782006920415 0.05997693194925029 0.02487024221453287
0 0.4793829296424452 0.5418468858131488 0.8180507497116494 0.020544982698961937
0 0.11721453287197232 0.5675821799307958 0.10524798154555941 0.020112456747404844
0 0.20256632064590543 0.5899653979238755 0.19982698961937717 0.021626297577854673
0 0.8660611303344867 0.6370025951557093 0.0591118800461361 0.022707612456747406
0 0.4811130334486736 0.7162629757785467 0.8376585928489043 0.07179930795847751
0 0.18569780853517878 0.7697880622837371 0.19319492502883506 0.027465397923875434
0 0.8715397923875433 0.7873053633217993 0.05853517877739331 0.01838235294117647
0 0.47909457900807384 0.8433174740484429 0.8520761245674741 0.07936851211072665
0 0.8765859284890427 0.9119809688581315 0.06574394463667821 0.02422145328719723
0 0.8708189158016147 0.9788062283737025 0.03517877739331027 0.02378892733564014
