0 0.42574971164936565 0.12889273356401384 0.396482122260669 0.1254325259515571
0 0.4354094579008074 0.20555795847750866 0.20126874279123413 0.020544982698961937
0 0.4332468281430219 0.35294117647058826 0.777681660899654 0.26124567474048443
0 0.4349769319492503 0.5041089965397924 0.22347174163783162 0.01730103806228374
2 0.4310841983852365 0.5635813148788927 0.8108419838523645 0.09515570934256055
0 0.20184544405997693 0.6380839100346021 0.26874279123414074 0.022707612456747406
0 0.43656286043829295 0.7975778546712803 0.8362168396770473 0.3049307958477509
0 0.9022491349480969 0.8498053633217993 0.043252595155709346 0.0231401384083045
0 0.9039792387543253 0.903871107266436 0.034025374855824686 0.06552768166089966
0 0.819204152249135 0.965181660899654 0.12399077277970012 0.021626297577854673
