1 0.15542099192618225 0.030168685121107267 0.15282583621683968 0.03179065743944637
1 0.6931949250288351 0.11288927335640139 0.02883506343713956 0.01773356401384083
0 0.7925317185697809 0.055255190311418685 0.2753748558246828 0.020544982698961937
0 0.7006920415224913 0.07471885813148789 0.03690888119953864 0.016219723183391006
0 0.4988465974625144 0.09753460207612458 0.35121107266435986 0.060553633217993084
0 0.13437139561707037 0.09310121107266436 0.10957324106113034 0.06379757785467129
0 0.09083044982698962 0.1355968858131488 0.0265282583621684 0.013408304498269897
0 0.4354094579008074 0.1631704152249135 0.48385236447520186 0.037413494809688586
0 0.43065167243367936 0.2020977508650519 0.6905997693194925 0.05125432525951557
0 0.9028258362168397 0.1761461937716263 0.05478662053056517 0.018814878892733564
0 0.8657727797001153 0.20177335640138408 0.11447520184544406 0.03460207612456748
0 0.8254036908881199 0.22458910034602078 0.04238754325259516 0.014057093425605537
0 0.8765859284890427 0.6065095155709342 0.14648212226066898 0.7489186851211073
0 0.4205594002306805 0.7086937716262977 0.45703575547866204 0.03633217993079585
0 0.41782006920415227 0.8582396193771626 0.7612456747404844 0.26059688581314877
0 0.06084198385236448 0.6978806228373703 0.040369088811995385 0.019896193771626297
0 0.5716551326412919 0.5497404844290658 0.45184544405997695 0.2763840830449827
1 0.6094290657439446 0.32071799307958476 0.36188004613610153 0.1859861591695502
0 0.3914359861591696 0.33401816608996543 0.06833910034602077 0.1217560553633218
0 0.2703287197231834 0.3648356401384083 0.13638985005767013 0.28157439446366783
0 0.2681660899653979 0.5946150519031143 0.14359861591695502 0.17019896193771628
0 0.1247116493656286 0.40592560553633217 0.1375432525951557 0.13148788927335642
0 0.1189446366782007 0.5737456747404844 0.14619377162629757 0.2054498269896194
0 0.13148788927335642 0.2861159169550173 0.13552479815455595 0.11029411764705882
1 0.03762975778546713 0.11883650519031143 0.07525951557093426 0.20263840830449828
1 0.02897923875432526 0.3272058823529412 0.05795847750865052 0.21410034602076125
1 0.02364475201845444 0.5560121107266436 0.04728950403690888 0.24221453287197234
1 0.014273356401384083 0.8279628027681661 0.028546712802768166 0.3016868512110727
