0 0.3238177623990773 0.05363321799307959 0.4700115340253749 0.021626297577854673
0 0.441320645905421 0.08336937716262977 0.788638985005767 0.040008650519031144
0 0.2178489042675894 0.1168901384083045 0.25519031141868515 0.02487024221453287
0 0.4456459054209919 0.15938581314878894 0.7932525951557093 0.05839100346020761
0 0.305363321799308 0.20382785467128028 0.44694348327566324 0.027465397923875434
1 0.45011534025374855 0.4193339100346021 0.45963091118800464 0.39922145328719727
0 0.45098039215686275 0.6370025951557093 0.3788927335640139 0.0231401384083045
0 0.44708765859284894 0.6979887543252595 0.8538062283737025 0.08153114186851211
0 0.1779123414071511 0.7528114186851211 0.22895040369088812 0.02378892733564014
0 0.47318339100346024 0.7744377162629758 0.8114186851211073 0.02378892733564014
0 0.254757785467128 0.8042820069204153 0.4749134948096886 0.024653979238754325
0 0.09760668973471742 0.8313148788927336 0.06833910034602077 0.026816608996539794
0 0.3933102652825836 0.9164143598615917 0.6499423298731257 0.025302768166089964
1 0.452277970011534 0.8708910034602076 0.15484429065743946 0.04974048442906574
0 0.9328143021914649 0.8629974048442907 0.0461361014994233 0.022275086505190313
0 0.9361303344867359 0.9207396193771626 0.045271049596309114 0.0685553633217993
0 0.8576989619377163 0.9788062283737025 0.11908881199538639 0.025951557093425608
