1 0.26888696655132643 0.05936418685121107 0.39878892733564014 0.10012975778546714
1 0.16118800461361016 0.11721453287197232 0.0461361014994233 0.023356401384083045
1 0.027970011534025375 0.5005406574394464 0.05594002306805075 0.9638840830449827
1 0.11606113033448674 0.7762759515570935 0.10294117647058824 0.08585640138408304
1 0.8878316032295271 0.7530276816608997 0.09803921568627451 0.08261245674740485
1 0.5591118800461361 0.5295198961937716 0.23933102652825836 0.12218858131487889
1 0.8128604382929643 0.483780276816609 0.2306805074971165 0.04152249134948097
0 0.2967128027681661 0.12099913494809689 0.21626297577854672 0.01578719723183391
0 0.27350057670126876 0.13483996539792387 0.4310841983852365 0.01189446366782007
0 0.6946366782006921 0.08023356401384084 0.4094579008073818 0.11245674740484429
0 0.3636101499423299 0.16371107266435986 0.41234140715109574 0.01773356401384083
0 0.3628892733564014 0.1948529411764706 0.6040945790080738 0.03892733564013841
0 0.7831603229527105 0.1785250865051903 0.2047289504036909 0.05947231833910035
0 0.8042099192618224 0.3336937716262976 0.23933102652825836 0.24870242214532873
0 0.36548442906574397 0.30374134948096887 0.6237024221453288 0.17236159169550175
0 0.12038638985005767 0.5652032871972319 0.12773933102652826 0.32547577854671284
0 0.4342560553633218 0.41998269896193774 0.3604382929642445 0.015570934256055364
0 0.43252595155709345 0.44755622837370246 0.47520184544405997 0.03525086505190311
0 0.31329296424452135 0.5908304498269896 0.23212226066897348 0.2383217993079585
0 0.5612745098039216 0.6499783737024222 0.2378892733564014 0.1157006920415225
0 0.8199250288350635 0.6157006920415226 0.24077277970011535 0.18641868512110726
0 0.5063437139561707 0.7616782006920415 0.6660899653979239 0.07093425605536333
0 0.16724336793540948 0.8562932525951558 0.18685121107266436 0.08499134948096886
0 0.34068627450980393 0.847318339100346 0.15715109573241062 0.07785467128027682
0 0.5064878892733564 0.8429930795847751 0.16291810841983853 0.07569204152249136
0 0.6744521337946944 0.8376946366782008 0.16724336793540948 0.07461072664359862
0 0.8415513264129182 0.8333693771626298 0.15715109573241062 0.07244809688581315
0 0.2512975778546713 0.9079801038062284 0.1831026528258362 0.029195501730103806
0 0.5409457900807382 0.8966262975778547 0.31430219146482125 0.02378892733564014
0 0.7821510957324106 0.8887326989619377 0.14792387543252597 0.025302768166089964
0 0.7580738177623991 0.9108996539792388 0.21337946943483277 0.010380622837370242
0 0.5583910034602076 0.9176038062283737 0.16580161476355249 0.006487889273356402
0 0.38711072664359863 0.923659169550173 0.1519607843137255 0.012975778546712804
0 0.26629181084198383 0.9323096885813149 0.06199538638985006 0.010813148788927337
0 0.18339100346020762 0.9379325259515571 0.066320645905421 0.01124567474048443
