0 0.7006920415224913 0.04390138408304498 0.22145328719723184 0.019463667820069204
0 0.28835063437139563 0.08207179930795848 0.41868512110726647 0.0231401384083045
3 0.4437716262975779 0.12673010380622837 0.11245674740484429 0.06487889273356402
3 0.48298731257208766 0.21777681660899656 0.10899653979238755 0.02422145328719723
3 0.44333910034602075 0.4826989619377163 0.32093425605536335 0.047145328719723184
3 0.44579008073817766 0.548659169550173 0.12975778546712805 0.022058823529411766
3 0.44521337946943484 0.6294333910034602 0.14129181084198386 0.07677335640138408
3 0.4476643598615917 0.7391868512110726 0.12485582468281431 0.07785467128027682
3 0.11923298731257209 0.8110942906574394 0.07064590542099193 0.04217128027681661
3 0.5284025374855825 0.9341479238754326 0.06545559400230681 0.020977508650519033
3 0.7861880046136102 0.9305795847750865 0.09083044982698962 0.02378892733564014
0 0.7831603229527105 0.1278114186851211 0.06920415224913495 0.021626297577854673
0 0.4483852364475202 0.18371539792387545 0.7491349480968859 0.04044117647058824
0 0.2655709342560554 0.22026384083044984 0.31718569780853517 0.022707612456747406
0 0.5497404844290658 0.21939878892733564 0.018742791234140715 0.01578719723183391
0 0.3109861591695502 0.3421280276816609 0.5031718569780854 0.2179930795847751
0 0.6982410611303345 0.43641868512110726 0.07641291810841984 0.021626297577854673
1 0.6988177623990773 0.308931660899654 0.197520184544406 0.22599480968858132
0 0.3438581314878893 0.5224913494809689 0.5989042675893888 0.028114186851211073
0 0.17993079584775087 0.5773140138408305 0.26239907727797 0.03308823529411765
0 0.43858131487889274 0.6811202422145329 0.720876585928489 0.0296280276816609
0 0.05738177623990773 0.8090397923875433 0.049019607843137254 0.028114186851211073
0 0.21914648212226068 0.8083910034602076 0.12918108419838525 0.02378892733564014
0 0.4483852364475202 0.8752162629757786 0.8327566320645906 0.08261245674740485
0 0.2828719723183391 0.932742214532872 0.42099192618223763 0.025951557093425608
0 0.6516724336793541 0.9314446366782008 0.1724336793540946 0.023356401384083045
0 0.8138696655132641 0.9722102076124568 0.07583621683967705 0.02487024221453287
0 0.8499134948096886 0.9300389273356402 0.027970011534025375 0.029195501730103806
