0 0.2557670126874279 0.08812716262975778 0.41118800461361016 0.017949826989619378
0 0.7433679354094579 0.08661332179930796 0.059400230680507496 0.013624567474048443
0 0.6081314878892734 0.14035467128027682 0.35697808535178777 0.08650519031141869
0 0.23558246828143023 0.30255190311418684 0.3806228373702422 0.1457612456747405
0 0.6239907727797002 0.30287629757785467 0.3788927335640139 0.04822664359861592
0 0.6523933102652826 0.5192474048442907 0.41839677047289503 0.36548442906574397
0 0.23212226066897348 0.436310553633218 0.395040369088812 0.0685553633217993
0 0.2374567474048443 0.5631487889273357 0.3941753171856978 0.12629757785467127
0 0.22693194925028837 0.6907439446366782 0.42502883506343714 0.04844290657439446
0 0.4615051903114187 0.9056012110726643 0.48471741637831606 0.04692906574394464
1 0.23803344867358708 0.16198096885813149 0.24134948096885814 0.11678200692041522
1 0.6192329873125721 0.23194204152249134 0.35784313725490197 0.09234429065743945
3 0.24336793540945792 0.39197664359861595 0.3633217993079585 0.03308823529411765
3 0.23990772779700115 0.4891868512110727 0.3719723183391004 0.03460207612456748
3 0.24279123414071513 0.6442474048442907 0.3835063437139562 0.03460207612456748
1 0.1787773933102653 0.8025519031141869 0.2825836216839677 0.16219723183391005
1 0.4547289504036909 0.7956314878892734 0.265282583621684 0.16306228373702422
1 0.7279411764705882 0.7837370242214533 0.2673010380622837 0.15916955017301038
