0 0.7276528258362168 0.037737889273356404 0.1859861591695502 0.0231401384083045
0 0.4563148788927336 0.08207179930795848 0.7401960784313726 0.04606401384083045
3 0.45271049596309115 0.1148356401384083 0.11591695501730104 0.025951557093425608
3 0.46251441753171857 0.16695501730103807 0.13552479815455595 0.028546712802768166
3 0.44982698961937717 0.20999134948096887 0.1061130334486736 0.021626297577854673
3 0.31314878892733566 0.2569204152249135 0.10092272202998846 0.025951557093425608
3 0.30954440599769323 0.38570501730103807 0.21193771626297578 0.02487024221453287
3 0.45126874279123413 0.5160034602076125 0.1320645905420992 0.07785467128027682
3 0.44506920415224915 0.6038062283737025 0.3243944636678201 0.04930795847750865
0 0.23572664359861592 0.13970588235294118 0.30767012687427914 0.028114186851211073
0 0.0929930795847751 0.18804065743944637 0.027970011534025375 0.020977508650519033
0 0.3683679354094579 0.2374567474048443 0.5989042675893888 0.028114186851211073
0 0.32006920415224915 0.3100129757785467 0.5126874279123415 0.07461072664359862
0 0.2364475201845444 0.3592128027681661 0.26297577854671284 0.025951557093425608
1 0.7021337946943483 0.3515354671280277 0.22837370242214533 0.18490484429065746
0 0.7042964244521338 0.4643166089965398 0.08852364475201846 0.02119377162629758
0 0.31329296424452135 0.4343641868512111 0.5118223760092272 0.07244809688581315
0 0.07425028835063438 0.5654195501730104 0.06141868512110727 0.027465397923875434
0 0.3489042675893887 0.6446799307958477 0.6089965397923875 0.025951557093425608
3 0.4495386389850058 0.682742214532872 0.1787773933102653 0.04065743944636678
0 0.8167531718569782 0.6787413494809689 0.08448673587081892 0.02487024221453287
0 0.44579008073817766 0.7303200692041523 0.8189158016147636 0.050173010380622836
0 0.191320645905421 0.8043901384083045 0.22347174163783162 0.030925605536332182
0 0.4493944636678201 0.893598615916955 0.8261245674740485 0.09558823529411765
0 0.8106978085351788 0.9692906574394464 0.06776239907727798 0.025519031141868515
