1 0.4429065743944637 0.22372404844290658 0.6805074971164937 0.2869809688581315
0 0.4476643598615917 0.38538062283737023 0.31343713956170705 0.025519031141868515
0 0.23572664359861592 0.42160467128027684 0.29325259515570934 0.022275086505190313
0 0.4649653979238754 0.4437716262975779 0.7505767012687428 0.019896193771626297
0 0.16652249134948097 0.4678849480968858 0.24134948096885814 0.020544982698961937
0 0.3380911188004614 0.5030276816608996 0.515282583621684 0.043252595155709346
0 0.461361014994233 0.5387110726643599 0.7618223760092272 0.01730103806228374
0 0.17257785467128028 0.5640138408304498 0.27249134948096887 0.02378892733564014
0 0.44694348327566324 0.611159169550173 0.8183391003460208 0.06920415224913495
0 0.2674452133794694 0.6627378892733564 0.382641291810842 0.018814878892733564
0 0.44405997693194926 0.721885813148789 0.845444059976932 0.09731833910034603
3 0.37226066897347176 0.8049307958477508 0.265282583621684 0.04801038062283737
0 0.5986159169550174 0.8036332179930796 0.11245674740484429 0.051903114186851215
0 0.44218569780853517 0.8687283737024222 0.8693771626297578 0.07525951557093426
0 0.9220011534025375 0.8641868512110726 0.045271049596309114 0.021626297577854673
0 0.9284890426758939 0.920090830449827 0.02364475201845444 0.06336505190311419
0 0.8510668973471742 0.9824826989619377 0.11678200692041522 0.021626297577854673
