0 0.27926758938869667 0.04519896193771626 0.46626297577854675 0.02032871972318339
0 0.7804209919261823 0.04844290657439446 0.06430219146482122 0.012110726643598616
0 0.24235870818915803 0.12813581314878894 0.3999423298731257 0.1485726643598616
0 0.6480680507497116 0.12802768166089964 0.382641291810842 0.14273356401384082
0 0.2903690888119954 0.21280276816608998 0.5173010380622838 0.02249134948096886
2 0.4414648212226067 0.24491782006920415 0.8154555940023068 0.04606401384083045
2 0.24048442906574397 0.33142301038062283 0.40369088811995385 0.057742214532871976
0 0.1831026528258362 0.29282006920415227 0.29123414071510956 0.02378892733564014
0 0.6779123414071511 0.39630190311418684 0.42502883506343714 0.2536764705882353
0 0.24567474048442908 0.42766003460207613 0.4221453287197232 0.12045847750865052
1 0.24091695501730104 0.542279411764706 0.341118800461361 0.10748269896193773
1 0.6980968858131488 0.6946366782006921 0.28662053056516723 0.33304498269896193
0 0.2557670126874279 0.7750865051903114 0.43829296424452135 0.3365051903114187
0 0.7129469434832757 0.8904628027681661 0.42416378316032294 0.05687716262975779
0 0.48990772779700115 0.9332828719723184 0.08938869665513265 0.0231401384083045
