1 0.08290080738177624 0.0055147058823529415 0.11043829296424452 0.011029411764705883
0 0.49927912341407155 0.0067041522491349485 0.04469434832756632 0.010813148788927337
0 0.8275663206459054 0.011786332179930796 0.18108419838523646 0.022275086505190313
1 0.9284890426758939 0.012326989619377162 0.0196078431372549 0.01903114186851211
0 0.09803921568627451 0.04476643598615917 0.1332179930795848 0.028546712802768166
0 0.48370818915801617 0.04692906574394464 0.6075547866205305 0.037197231833910036
1 0.8513552479815456 0.04606401384083045 0.03373702422145329 0.028114186851211073
0 0.8992214532871973 0.04833477508650519 0.056228373702422146 0.022707612456747406
0 0.8972029988465975 0.2358347750865052 0.14850057670126876 0.3384515570934256
0 0.7309688581314879 0.11505190311418685 0.14763552479815456 0.092560553633218
0 0.7458189158016147 0.31596020761245674 0.16291810841983853 0.30060553633217996
0 0.427479815455594 0.10261678200692041 0.41320645905420994 0.04909169550173011
0 0.04974048442906574 0.07828719723183392 0.027970011534025375 0.01124567474048443
0 0.09991349480968859 0.1168901384083045 0.14850057670126876 0.061634948096885814
0 0.10193194925028835 0.16187283737024222 0.12831603229527105 0.022707612456747406
0 0.10308535178777394 0.25508217993079585 0.14792387543252597 0.15722318339100347
0 0.2573529411764706 0.23724048442906576 0.14907727797001155 0.19636678200692043
0 0.41810841983852365 0.19669117647058823 0.1522491349480969 0.11613321799307959
0 0.4214244521337947 0.32936851211072665 0.15715109573241062 0.1384083044982699
0 0.42416378316032294 0.4508001730103806 0.15859284890426759 0.10099480968858132
0 0.5831891580161477 0.3040657439446367 0.1652249134948097 0.33088235294117646
0 0.6718569780853518 0.481401384083045 0.26297577854671284 0.01730103806228374
0 0.9111880046136102 0.4253892733564014 0.12168396770472896 0.034169550173010384
0 0.9235870818915802 0.59375 0.1522491349480969 0.2951989619377163
0 0.4901960784313726 0.5124351211072664 0.3973471741637832 0.0166522491349481
1 0.18281430219146483 0.42073961937716264 0.30565167243367936 0.16327854671280279
1 0.05406574394463668 0.5326557093425606 0.04411764705882353 0.03243944636678201
0 0.10640138408304499 0.5340614186851211 0.06343713956170703 0.026600346020761247
0 0.486159169550173 0.5351427335640139 0.5103806228373703 0.03179065743944637
0 0.4299307958477509 0.6557093425605537 0.8189158016147636 0.2102076124567474
1 0.11966551326412918 0.8074178200692042 0.08881199538638986 0.06379757785467129
1 0.33376585928489044 0.7984429065743945 0.32208765859284894 0.06228373702422146
1 0.7326989619377163 0.7889273356401384 0.4700115340253749 0.06487889273356402
0 0.5327277970011535 0.8498053633217993 0.42762399077277974 0.04173875432525952
0 0.3536620530565167 0.9341479238754326 0.6934832756632064 0.13127162629757785
0 0.8463091118800462 0.9294982698961938 0.24855824682814304 0.11029411764705882
