0 0.685121107266436 0.05720155709342561 0.20761245674740486 0.018814878892733564
0 0.8347750865051904 0.06076989619377163 0.020761245674740483 0.015138408304498271
1 0.8066608996539792 0.05936418685121107 0.036620530565167245 0.0296280276816609
1 0.6642156862745098 0.18479671280276816 0.3157439446366782 0.13689446366782007
1 0.7302479815455595 0.39024653979238755 0.21828143021914648 0.13343425605536333
1 0.6578719723183392 0.8375865051903114 0.3820645905420992 0.19247404844290658
0 0.2857554786620531 0.09915657439446367 0.4008073817762399 0.04217128027681661
0 0.6629181084198386 0.09958910034602077 0.34025374855824686 0.02487024221453287
0 0.27869088811995385 0.19344723183391005 0.4253171856978086 0.14424740484429066
0 0.6711361014994233 0.2727076124567474 0.2546136101499423 0.021626297577854673
0 0.46352364475201846 0.278871107266436 0.04988465974625144 0.020977508650519033
0 0.3291522491349481 0.3499134948096886 0.5493079584775087 0.1254325259515571
0 0.735726643598616 0.3080666089965398 0.2378892733564014 0.0231401384083045
3 0.27277970011534025 0.2767084775086505 0.09803921568627451 0.022275086505190313
0 0.14244521337946944 0.43328287197231835 0.18742791234140715 0.022707612456747406
0 0.3427047289504037 0.49329584775086505 0.592560553633218 0.07352941176470588
0 0.7319780853517878 0.47383217993079585 0.1831026528258362 0.019463667820069204
0 0.7187139561707035 0.5176254325259516 0.12889273356401384 0.022707612456747406
0 0.17690311418685123 0.5583910034602076 0.27249134948096887 0.0263840830449827
0 0.4534313725490196 0.6151600346020761 0.8370818915801616 0.04476643598615917
0 0.11144752018454442 0.6478157439446367 0.15426758938869667 0.020544982698961937
0 0.18915801614763553 0.6834991349480969 0.32006920415224915 0.02487024221453287
0 0.4681372549019608 0.7173442906574394 0.8117070357554786 0.02119377162629758
0 0.231401384083045 0.7422145328719724 0.40570934256055363 0.023356401384083045
0 0.055074971164936565 0.7635164359861591 0.05767012687427912 0.020544982698961937
0 0.22664359861591696 0.8766219723183392 0.42099192618223763 0.1957179930795848
0 0.6466262975778547 0.9555579584775087 0.27306805074971163 0.02487024221453287
0 0.8376585928489043 0.9811851211072664 0.03806228373702422 0.01903114186851211
