0 0.5027412280701754 0.20230263157894735 0.7233187134502923 0.17927631578947367
0 0.504203216374269 0.39172149122807015 0.7357456140350876 0.08114035087719298
0 0.504203216374269 0.5219298245614035 0.7839912280701754 0.06524122807017543
0 0.5148026315789473 0.7109375 0.7964181286549707 0.15981359649122806
3 0.6222587719298245 0.3215460526315789 0.4901315789473684 0.06140350877192982
3 0.5871710526315789 0.45860745614035087 0.5939327485380117 0.05482456140350877
3 0.6017909356725146 0.5927905701754386 0.5924707602339181 0.07648026315789473
3 0.5794956140350876 0.8218201754385964 0.66703216374269 0.06414473684210525
3 0.5804093567251462 0.9074835526315789 0.6776315789473684 0.061677631578947366
0 0.27576754385964913 0.8634868421052632 0.27887426900584794 0.02412280701754386
0 0.9541301169590642 0.8548519736842105 0.04568713450292397 0.020559210526315787
0 0.9618055555555555 0.908031798245614 0.042763157894736836 0.06058114035087719
0 0.875 0.9657346491228069 0.1337719298245614 0.018092105263157895
