0 0.4923245614035087 0.02549342105263158 0.13596491228070173 0.025219298245614034
0 0.14437134502923976 0.05345394736842105 0.18859649122807015 0.017543859649122806
0 0.4294590643274854 0.08305921052631579 0.7383040935672515 0.041666666666666664
0 0.18969298245614033 0.296875 0.29678362573099415 0.3640350877192982
0 0.5749269005847953 0.20367324561403508 0.4707602339181286 0.19736842105263158
0 0.8841374269005847 0.07154605263157894 0.13304093567251463 0.04057017543859649
0 0.8929093567251462 0.27768640350877194 0.1564327485380117 0.3607456140350877
0 0.9053362573099415 0.48876096491228066 0.13450292397660818 0.046052631578947366
0 0.9009502923976608 0.772203947368421 0.15789473684210525 0.4550438596491228
1 0.575657894736842 0.42680921052631576 0.46929824561403505 0.22478070175438594
0 0.18019005847953215 0.5139802631578947 0.2573099415204678 0.02631578947368421
0 0.1875 0.5951206140350876 0.30116959064327486 0.13157894736842105
0 0.18019005847953215 0.6916118421052632 0.27485380116959063 0.02412280701754386
0 0.18092105263157893 0.7727521929824561 0.29678362573099415 0.1337719298245614
0 0.17945906432748537 0.8549890350877193 0.2850877192982456 0.03070175438596491
0 0.17945906432748537 0.9355811403508771 0.3114035087719298 0.1282894736842105
0 0.5734649122807017 0.7212171052631579 0.4415204678362573 0.03289473684210526
1 0.4959795321637427 0.6236293859649122 0.30116959064327486 0.15350877192982454
0 0.7291666666666666 0.6263706140350876 0.1388888888888889 0.0712719298245614
0 0.5763888888888888 0.8686951754385964 0.4766081871345029 0.25109649122807015
