0 0.4630847953216374 0.061677631578947366 0.7997076023391813 0.021929824561403508
0 0.17763157894736842 0.08456688596491227 0.12792397660818713 0.01726973684210526
0 0.47916666666666663 0.26041666666666663 0.8252923976608186 0.3371710526315789
0 0.17141812865497075 0.436266447368421 0.12207602339181287 0.019462719298245612
0 0.48428362573099415 0.5139802631578947 0.8391812865497076 0.1474780701754386
0 0.16758040935672514 0.6007401315789473 0.13267543859649122 0.023848684210526314
0 0.481359649122807 0.6824287280701754 0.8516081871345029 0.13952850877192982
0 0.4806286549707602 0.8423793859649122 0.8559941520467835 0.12554824561403508
0 0.15533625730994152 0.9217379385964912 0.12646198830409355 0.023848684210526314
0 0.5027412280701754 0.9462719298245613 0.8300438596491228 0.018092105263157895
3 0.4820906432748538 0.7693256578947368 0.14912280701754385 0.018366228070175437
0 0.957236842105263 0.8634868421052632 0.051900584795321635 0.02850877192982456
0 0.9634502923976608 0.9211896929824561 0.039473684210526314 0.061677631578947366
0 0.894736842105263 0.9862938596491228 0.09137426900584794 0.015899122807017545
