0 0.4725877192982456 0.013980263157894735 0.09064327485380116 0.02412280701754386
0 0.1699561403508772 0.061677631578947366 0.26900584795321636 0.04714912280701754
0 0.17288011695906433 0.18174342105263158 0.27485380116959063 0.18640350877192982
0 0.1684941520467836 0.32209429824561403 0.2631578947368421 0.039473684210526314
0 0.1648391812865497 0.42735745614035087 0.28216374269005845 0.15789473684210525
0 0.16191520467836257 0.546875 0.18274853801169588 0.046052631578947366
0 0.160453216374269 0.7261513157894737 0.2880116959064327 0.31030701754385964
0 0.1611842105263158 0.8939144736842105 0.23684210526315788 0.025219298245614034
0 0.1648391812865497 0.9438048245614035 0.29678362573099415 0.08114035087719298
0 0.6290204678362573 0.05016447368421052 0.5555555555555556 0.03070175438596491
0 0.6246345029239766 0.08141447368421052 0.5058479532163742 0.020833333333333332
0 0.866593567251462 0.28042763157894735 0.16228070175438597 0.381578947368421
0 0.5493421052631579 0.41584429824561403 0.4634502923976608 0.11732456140350876
0 0.5551900584795322 0.5172697368421052 0.3874269005847953 0.07236842105263158
0 0.552266081871345 0.7700109649122806 0.46929824561403505 0.4309210526315789
0 0.8717105263157894 0.5057565789473684 0.14035087719298245 0.049342105263157895
0 0.8746345029239766 0.6137609649122807 0.16374269005847952 0.15789473684210525
0 0.8790204678362573 0.7338267543859649 0.14327485380116958 0.06469298245614034
0 0.8746345029239766 0.8774671052631579 0.14619883040935672 0.2138157894736842
1 0.5471491228070176 0.21957236842105263 0.45614035087719296 0.24013157894736842
