0 0.49744152046783624 0.026589912280701754 0.19444444444444442 0.023026315789473683
0 0.8570906432748537 0.0200109649122807 0.04239766081871345 0.01425438596491228
0 0.24817251461988302 0.06551535087719298 0.24561403508771928 0.019736842105263157
0 0.329312865497076 0.09347587719298245 0.39035087719298245 0.027412280701754384
3 0.4930555555555555 0.1225328947368421 0.43421052631578944 0.039473684210526314
0 0.5076754385964912 0.20038377192982454 0.8230994152046783 0.10964912280701754
0 0.8826754385964912 0.11924342105263157 0.08187134502923976 0.02850877192982456
0 0.8863304093567251 0.2749451754385965 0.07163742690058479 0.021929824561403508
0 0.5010964912280701 0.3379934210526316 0.8391812865497076 0.08662280701754385
0 0.8870614035087718 0.40487938596491224 0.07017543859649122 0.020833333333333332
0 0.40679824561403505 0.4553179824561403 0.5891812865497076 0.0668859649122807
0 0.2934941520467836 0.540844298245614 0.4327485380116959 0.027412280701754384
0 0.4923245614035087 0.6154057017543859 0.19005847953216373 0.025219298245614034
0 0.4959795321637427 0.7754934210526315 0.861111111111111 0.24671052631578946
0 0.4945175438596491 0.9306469298245613 0.12719298245614036 0.03070175438596491
0 0.3336988304093567 0.9788925438596491 0.46637426900584794 0.02850877192982456
3 0.4959795321637427 0.2787828947368421 0.2909356725146199 0.04057017543859649
3 0.4989035087719298 0.40597587719298245 0.4605263157894737 0.04057017543859649
3 0.4886695906432748 0.515625 0.6154970760233918 0.04057017543859649
3 0.4945175438596491 0.5677083333333333 0.5833333333333333 0.03070175438596491
