0 0.40752923976608185 0.026589912280701754 0.7032163742690059 0.04057017543859649
0 0.41191520467836257 0.059484649122807015 0.3786549707602339 0.023026315789473683
0 0.42068713450292394 0.12198464912280702 0.7880116959064327 0.09539473684210525
0 0.33150584795321636 0.19544956140350875 0.554093567251462 0.025219298245614034
0 0.34027777777777773 0.2787828947368421 0.6271929824561403 0.13048245614035087
0 0.7408625730994152 0.26014254385964913 0.16228070175438597 0.1699561403508772
0 0.33077485380116955 0.3769188596491228 0.48830409356725146 0.039473684210526314
0 0.09758771929824561 0.5814144736842105 0.14766081871345027 0.34100877192982454
0 0.4199561403508772 0.6674890350877193 0.49122807017543857 0.16666666666666666
0 0.7437865497076023 0.5501644736842105 0.17105263157894735 0.3991228070175438
0 0.9009502923976608 0.03426535087719298 0.13450292397660818 0.029605263157894735
0 0.9097222222222222 0.5128837719298245 0.16666666666666666 0.9057017543859649
0 0.42507309941520466 0.8209978070175438 0.8026315789473684 0.12061403508771928
0 0.42799707602339176 0.935032894736842 0.8084795321637427 0.07675438596491227
1 0.36659356725146197 0.4915021929824561 0.3845029239766082 0.17653508771929824
0 0.6092836257309941 0.5523574561403508 0.08333333333333333 0.05701754385964912
