0 0.4546783625730994 0.11992872807017543 0.6549707602339181 0.033168859649122806
0 0.27266081871345027 0.41968201754385964 0.2361111111111111 0.029605263157894735
0 0.18512426900584794 0.48601973684210525 0.13413742690058478 0.020833333333333332
0 0.45540935672514615 0.5666118421052632 0.6747076023391813 0.0400219298245614
0 0.2764985380116959 0.6036184210526315 0.3044590643274854 0.018092105263157895
0 0.45705409356725146 0.6355537280701754 0.6714181286549707 0.03645833333333333
0 0.45705409356725146 0.734375 0.6809210526315789 0.0537280701754386
0 0.23464912280701752 0.8246984649122806 0.2448830409356725 0.026041666666666664
0 0.2004751461988304 0.8977521929824561 0.17068713450292397 0.02631578947368421
1 0.5140716374269005 0.20956688596491227 0.4784356725146199 0.1439144736842105
1 0.5307017543859649 0.3489583333333333 0.5116959064327485 0.12554824561403508
3 0.5796783625730993 0.45230263157894735 0.4539473684210526 0.044407894736842105
3 0.5705409356725146 0.5213815789473684 0.4539473684210526 0.041118421052631575
3 0.512609649122807 0.6818804824561403 0.5698099415204678 0.04468201754385965
3 0.5299707602339181 0.7870065789473684 0.5314327485380117 0.0400219298245614
3 0.521016081871345 0.8606085526315789 0.5588450292397661 0.04577850877192982
