0 0.471125730994152 0.03865131578947368 0.2763157894736842 0.020833333333333332
0 0.8146929824561403 0.030975877192982455 0.024853801169590642 0.01864035087719298
3 0.4762426900584795 0.1049890350877193 0.5175438596491228 0.07894736842105263
0 0.4784356725146199 0.21244517543859648 0.8055555555555555 0.13157894736842105
0 0.8519736842105262 0.28755482456140347 0.05847953216374269 0.01644736842105263
3 0.4674707602339181 0.28810307017543857 0.16666666666666666 0.02850877192982456
1 0.45650584795321636 0.3237390350877193 0.3114035087719298 0.03179824561403509
1 0.3812134502923976 0.4114583333333333 0.14619883040935672 0.11513157894736842
1 0.5610380116959064 0.40487938596491224 0.15789473684210525 0.11293859649122806
1 0.3782894736842105 0.5326206140350876 0.17251461988304093 0.1162280701754386
1 0.5705409356725146 0.5337171052631579 0.17105263157894735 0.1162280701754386
0 0.4762426900584795 0.6115679824561403 0.19883040935672514 0.02412280701754386
0 0.47404970760233917 0.6888706140350876 0.8464912280701754 0.11951754385964912
0 0.4762426900584795 0.7848135964912281 0.21637426900584794 0.03070175438596491
0 0.4777046783625731 0.8999451754385964 0.8479532163742689 0.14912280701754385
