0 0.12097953216374269 0.04194078947368421 0.04239766081871345 0.023026315789473683
0 0.5244883040935672 0.026589912280701754 0.2178362573099415 0.027412280701754384
0 0.3051900584795321 0.08360745614035087 0.3435672514619883 0.04057017543859649
2 0.2978801169590643 0.1488486842105263 0.2587719298245614 0.06798245614035087
0 0.20869883040935672 0.20970394736842105 0.22368421052631576 0.020833333333333332
0 0.3117690058479532 0.3275767543859649 0.4064327485380117 0.22587719298245612
1 0.3212719298245614 0.5391995614035088 0.3464912280701754 0.16885964912280702
0 0.32346491228070173 0.6510416666666666 0.06140350877192982 0.017543859649122806
1 0.32711988304093564 0.7650767543859649 0.3640350877192982 0.17105263157894735
0 0.3358918128654971 0.8752741228070174 0.07163742690058479 0.01864035087719298
0 0.34027777777777773 0.9202302631578947 0.3611111111111111 0.04057017543859649
0 0.3614766081871345 0.9712171052631579 0.3684210526315789 0.02850877192982456
0 0.7306286549707602 0.13020833333333331 0.3991228070175438 0.17763157894736842
0 0.7437865497076023 0.23601973684210525 0.3026315789473684 0.029605263157894735
0 0.7423245614035088 0.26398026315789475 0.41081871345029236 0.039473684210526314
2 0.7445175438596491 0.33415570175438597 0.39473684210526316 0.10526315789473684
0 0.7503654970760234 0.5063048245614035 0.41812865497076024 0.21052631578947367
0 0.629751461988304 0.6252741228070176 0.15058479532163743 0.01644736842105263
0 0.7679093567251462 0.6959978070175438 0.41812865497076024 0.12719298245614036
1 0.6663011695906432 0.8396381578947368 0.17105263157894735 0.10526315789473684
1 0.8907163742690059 0.8390899122807017 0.16666666666666666 0.10855263157894736
0 0.6524122807017544 0.9169407894736842 0.11988304093567251 0.025219298245614034
0 0.9053362573099415 0.9141995614035088 0.06140350877192982 0.019736842105263157
0 0.7847222222222222 0.9564144736842105 0.19444444444444442 0.01864035087719298
0 0.7861842105263157 0.9750548245614035 0.2529239766081871 0.01864035087719298
