0 0.4630847953216374 0.018366228070175437 0.2894736842105263 0.02850877192982456
0 0.8263888888888888 0.016173245614035086 0.04532163742690058 0.017543859649122806
0 0.46600877192982454 0.11101973684210525 0.8304093567251462 0.1282894736842105
1 0.46673976608187134 0.22834429824561403 0.7324561403508771 0.10855263157894736
0 0.4638157894736842 0.2957785087719298 0.6213450292397661 0.021929824561403508
0 0.471125730994152 0.32483552631578944 0.2850877192982456 0.020833333333333332
0 0.4762426900584795 0.4103618421052631 0.8421052631578947 0.14364035087719298
1 0.4784356725146199 0.5589364035087719 0.7236842105263157 0.1425438596491228
0 0.481359649122807 0.6483004385964912 0.2880116959064327 0.01644736842105263
0 0.15021929824561403 0.6910635964912281 0.195906432748538 0.029605263157894735
0 0.49086257309941517 0.7338267543859649 0.8421052631578947 0.06030701754385964
3 0.29568713450292394 0.7996162280701754 0.3845029239766082 0.07346491228070175
1 0.7196637426900584 0.7919407894736842 0.2909356725146199 0.11513157894736842
0 0.7203947368421052 0.8626644736842105 0.21637426900584794 0.019736842105263157
0 0.3044590643274854 0.884594298245614 0.4956140350877193 0.09649122807017543
3 0.48793859649122806 0.9459978070175438 0.23684210526315788 0.03728070175438596
0 0.8760964912280701 0.9372258771929824 0.06871345029239766 0.021929824561403508
0 0.21016081871345027 0.9865679824561403 0.2982456140350877 0.021929824561403508
