0 0.5003654970760234 0.018366228070175437 0.08187134502923976 0.02850877192982456
0 0.427266081871345 0.056195175438596486 0.7076023391812865 0.04057017543859649
0 0.4375 0.14665570175438597 0.7456140350877193 0.09868421052631579
0 0.42434210526315785 0.08744517543859649 0.22514619883040934 0.017543859649122806
0 0.27814327485380114 0.2250548245614035 0.42397660818713445 0.03179824561403509
0 0.27521929824561403 0.37417763157894735 0.4444444444444444 0.25548245614035087
0 0.6575292397660818 0.21573464912280702 0.2675438596491228 0.02850877192982456
0 0.6575292397660818 0.3538925438596491 0.2850877192982456 0.24122807017543857
0 0.2671783625730994 0.5309758771929824 0.4225146198830409 0.044956140350877194
0 0.2708333333333333 0.6400767543859649 0.4444444444444444 0.1644736842105263
1 0.6582602339181286 0.5644188596491228 0.3070175438596491 0.15789473684210525
0 0.6611842105263157 0.690515350877193 0.29239766081871343 0.08333333333333333
0 0.34173976608187134 0.7535635964912281 0.5219298245614035 0.05153508771929824
0 0.34466374269005845 0.7848135964912281 0.46637426900584794 0.03289473684210526
0 0.3432017543859649 0.8983004385964912 0.6125730994152047 0.19846491228070173
0 0.7328216374269005 0.8648574561403508 0.15497076023391812 0.2631578947368421
0 0.893640350877193 0.09731359649122806 0.14619883040935672 0.13596491228070173
1 0.8980263157894737 0.20148026315789472 0.14327485380116958 0.06359649122807018
0 0.8987573099415204 0.2733004385964912 0.13011695906432746 0.08223684210526315
0 0.9031432748538011 0.6548793859649122 0.1564327485380117 0.6809210526315789
