1 0.4894005847953216 0.04358552631578947 0.25 0.04824561403508772
0 0.4820906432748538 0.010142543859649123 0.19736842105263158 0.01644736842105263
1 0.09539473684210525 0.021107456140350877 0.1111111111111111 0.03399122807017543
1 0.06469298245614034 0.12088815789473684 0.07309941520467836 0.06469298245614034
1 0.3644005847953216 0.11759868421052631 0.07894736842105263 0.0756578947368421
1 0.6853070175438596 0.11101973684210525 0.0804093567251462 0.0712719298245614
0 0.21162280701754385 0.13733552631578946 0.20906432748538012 0.11074561403508772
0 0.5266812865497076 0.1351425438596491 0.22514619883040934 0.10855263157894736
0 0.8497807017543859 0.13349780701754385 0.22514619883040934 0.11403508771929824
0 0.569078947368421 0.3061951754385965 0.7982456140350876 0.2138157894736842
0 0.08808479532163742 0.5452302631578947 0.13157894736842105 0.6348684210526315
1 0.4016812865497076 0.540844298245614 0.4809941520467836 0.24671052631578946
0 0.8132309941520467 0.5496162280701754 0.32748538011695905 0.2576754385964912
1 0.8125 0.759594298245614 0.3260233918128655 0.1600877192982456
0 0.4016812865497076 0.7151864035087719 0.48391812865497075 0.0537280701754386
0 0.32273391812865493 0.872532894736842 0.3201754385964912 0.25219298245614036
0 0.5676169590643274 0.7957785087719298 0.15204678362573099 0.10307017543859648
0 0.727704678362573 0.9273574561403508 0.4634502923976608 0.12719298245614036
