0 0.4806286549707602 0.024396929824561403 0.2894736842105263 0.027412280701754384
0 0.8453947368421052 0.019462719298245612 0.033625730994152045 0.015350877192982455
0 0.24524853801169588 0.07922149122807016 0.3508771929824561 0.03179824561403509
0 0.1867690058479532 0.11156798245614034 0.15789473684210525 0.017543859649122806
0 0.49159356725146197 0.19709429824561403 0.8406432748538011 0.14473684210526316
1 0.49378654970760233 0.33963815789473684 0.7456140350877193 0.12719298245614036
0 0.4857456140350877 0.42351973684210525 0.25584795321637427 0.023026315789473683
0 0.33223684210526316 0.45093201754385964 0.445906432748538 0.027412280701754384
3 0.2627923976608187 0.5243969298245613 0.3070175438596491 0.13048245614035087
0 0.4959795321637427 0.6641995614035088 0.8347953216374269 0.1469298245614035
3 0.4952485380116959 0.7584978070175438 0.14619883040935672 0.03289473684210526
0 0.8768274853801169 0.7579495614035088 0.07309941520467836 0.023026315789473683
0 0.4952485380116959 0.8138706140350876 0.8538011695906432 0.07346491228070175
3 0.4930555555555555 0.8615679824561403 0.1388888888888889 0.019736842105263157
0 0.8819444444444444 0.8632127192982456 0.06578947368421052 0.023026315789473683
0 0.1385233918128655 0.8884320175438596 0.13742690058479531 0.025219298245614034
0 0.5010964912280701 0.9701206140350876 0.8538011695906432 0.05921052631578947
3 0.48282163742690054 0.9196820175438596 0.22660818713450293 0.039473684210526314
0 0.8826754385964912 0.9213267543859649 0.06725146198830409 0.025219298245614034
