0 0.2269736842105263 0.036595394736842105 0.18421052631578946 0.021655701754385963
0 0.4859283625730994 0.08854166666666666 0.802266081871345 0.0800438596491228
0 0.2050438596491228 0.1370614035087719 0.14327485380116958 0.02631578947368421
0 0.4941520467836257 0.20052083333333331 0.804093567251462 0.11430921052631578
0 0.19809941520467836 0.28042763157894735 0.23318713450292397 0.025219298245614034
0 0.49744152046783624 0.3900767543859649 0.8406432748538011 0.17598684210526314
0 0.48665935672514615 0.5145285087719298 0.36220760233918126 0.043311403508771926
0 0.49744152046783624 0.7298519736842105 0.8559941520467835 0.36430921052631576
0 0.9705774853801169 0.828125 0.05738304093567251 0.02631578947368421
0 0.9678362573099415 0.8806195175438596 0.039473684210526314 0.0512609649122807
0 0.8194444444444444 0.9433936403508771 0.26973684210526316 0.019462719298245612
