0 0.4676535087719298 0.1147203947368421 0.6377923976608186 0.020559210526315787
0 0.46929824561403505 0.14802631578947367 0.6228070175438596 0.027412280701754384
0 0.27960526315789475 0.19709429824561403 0.2587719298245614 0.025219298245614034
0 0.3914473684210526 0.23807565789473684 0.47953216374269003 0.018366228070175437
0 0.44316520467836257 0.2793311403508772 0.5924707602339181 0.015899122807017545
0 0.475328947368421 0.4780701754385965 0.6626461988304093 0.2900219298245614
0 0.2810672514619883 0.6488486842105263 0.29532163742690054 0.02631578947368421
0 0.4782529239766082 0.7727521929824561 0.7050438596491228 0.21710526315789472
3 0.5414839181286549 0.17763157894736842 0.481359649122807 0.020285087719298246
3 0.5436769005847953 0.21710526315789472 0.4857456140350877 0.016995614035087717
3 0.549890350877193 0.25644188596491224 0.4886695906432748 0.018366228070175437
3 0.5148026315789473 0.31071820175438597 0.589546783625731 0.0424890350877193
