0 0.45211988304093564 0.03755482456140351 0.25584795321637427 0.01864035087719298
0 0.8125 0.026589912280701754 0.023391812865497075 0.020833333333333332
0 0.14071637426900585 0.0912828947368421 0.18274853801169588 0.025219298245614034
0 0.4616228070175438 0.19983552631578946 0.827485380116959 0.19407894736842105
1 0.4608918128654971 0.3933662280701754 0.5423976608187134 0.1907894736842105
0 0.46527777777777773 0.5057565789473684 0.22953216374269003 0.020833333333333332
0 0.47331871345029236 0.5956688596491228 0.8450292397660818 0.14583333333333331
0 0.471125730994152 0.7508223684210525 0.8523391812865496 0.13157894736842105
3 0.4674707602339181 0.8308662280701754 0.17543859649122806 0.021929824561403508
0 0.22624269005847952 0.859375 0.3713450292397661 0.02412280701754386
3 0.4674707602339181 0.8824013157894737 0.17543859649122806 0.017543859649122806
0 0.481359649122807 0.9498355263157894 0.8728070175438596 0.09758771929824561
