0 0.4950657894736842 0.11417214912280702 0.6560672514619883 0.033168859649122806
0 0.4448099415204678 0.3153782894736842 0.5650584795321637 0.021655701754385963
0 0.4851973684210526 0.37129934210526316 0.6487573099415205 0.021655701754385963
0 0.4890350877192982 0.4494243421052631 0.6805555555555555 0.03207236842105263
0 0.4327485380116959 0.5265899122807017 0.5497076023391813 0.02412280701754386
0 0.46235380116959063 0.596765350877193 0.6059941520467836 0.025219298245614034
0 0.49122807017543857 0.6751644736842105 0.6732456140350876 0.02850877192982456
0 0.23391812865497075 0.7132675438596491 0.29239766081871343 0.027412280701754384
0 0.4943347953216374 0.7538377192982456 0.6853070175438596 0.044407894736842105
0 0.23008040935672514 0.7915296052631579 0.15679824561403508 0.028782894736842105
0 0.49725877192982454 0.841282894736842 0.6882309941520467 0.06853070175438596
1 0.5513523391812866 0.1907894736842105 0.4857456140350877 0.12006578947368421
3 0.5681652046783625 0.27576754385964913 0.525219298245614 0.041118421052631575
3 0.6001461988304093 0.3433388157894737 0.4495614035087719 0.03207236842105263
3 0.552266081871345 0.40666118421052627 0.5635964912280701 0.03974780701754386
3 0.5794956140350876 0.4905427631578947 0.5237573099415205 0.04577850877192982
3 0.5369152046783625 0.5630482456140351 0.6089181286549707 0.044407894736842105
3 0.5674342105263157 0.6344572368421052 0.5573830409356725 0.04358552631578947
