0 0.15899122807017543 0.031524122807017545 0.03654970760233918 0.017543859649122806
0 0.5573830409356725 0.023300438596491228 0.21929824561403508 0.027412280701754384
0 0.9126461988304093 0.03262061403508772 0.05263157894736842 0.02850877192982456
0 0.3336988304093567 0.07648026315789473 0.39473684210526316 0.05263157894736842
2 0.32785087719298245 0.16474780701754385 0.38888888888888884 0.1282894736842105
0 0.1911549707602339 0.26288377192982454 0.14473684210526316 0.02850877192982456
0 0.3110380116959064 0.45093201754385964 0.41081871345029236 0.3125
0 0.3059210526315789 0.6373355263157895 0.13742690058479531 0.025219298245614034
0 0.2978801169590643 0.8177083333333333 0.40789473684210525 0.3201754385964912
0 0.7626096491228069 0.5205592105263157 0.4367690058479532 0.9583333333333333
