0 0.13998538011695905 0.024396929824561403 0.03070175438596491 0.01644736842105263
0 0.5434941520467836 0.01726973684210526 0.21198830409356723 0.021929824561403508
0 0.9111842105263157 0.02713815789473684 0.05263157894736842 0.02631578947368421
0 0.31469298245614036 0.06387061403508772 0.4064327485380117 0.03618421052631579
0 0.3117690058479532 0.12582236842105263 0.4122807017543859 0.08771929824561403
0 0.17214912280701752 0.17297149122807018 0.13011695906432746 0.017543859649122806
0 0.3044590643274854 0.2727521929824561 0.4064327485380117 0.18640350877192982
0 0.29641812865497075 0.3758223684210526 0.31725146198830406 0.021929824561403508
3 0.302266081871345 0.4043311403508772 0.13304093567251463 0.03728070175438596
0 0.3029970760233918 0.4421600877192982 0.4064327485380117 0.049342105263157895
0 0.2986111111111111 0.5035635964912281 0.40350877192982454 0.08442982456140351
0 0.17214912280701752 0.5550986842105263 0.16520467836257308 0.023026315789473683
0 0.29641812865497075 0.6367872807017544 0.40789473684210525 0.1425438596491228
0 0.29203216374269003 0.7332785087719298 0.4049707602339181 0.043859649122807015
1 0.2898391812865497 0.8555372807017544 0.3567251461988304 0.18311403508771928
0 0.285453216374269 0.9624451754385964 0.06140350877192982 0.021929824561403508
1 0.7437865497076023 0.140625 0.35526315789473684 0.1699561403508772
0 0.7474415204678362 0.2464364035087719 0.06140350877192982 0.019736842105263157
0 0.7394005847953216 0.29906798245614036 0.41081871345029236 0.05263157894736842
0 0.7379385964912281 0.4476425438596491 0.40789473684210525 0.1918859649122807
0 0.7423245614035088 0.5879934210526315 0.39327485380116955 0.0537280701754386
2 0.7379385964912281 0.7266995614035088 0.4137426900584795 0.1820175438596491
0 0.7342836257309941 0.9131030701754386 0.4269005847953216 0.15789473684210525
