0 0.48647660818713445 0.02987938596491228 0.18421052631578946 0.020833333333333332
0 0.8366228070175438 0.023848684210526314 0.03654970760233918 0.017543859649122806
0 0.1684941520467836 0.06880482456140351 0.09210526315789473 0.019736842105263157
0 0.18092105263157893 0.11540570175438596 0.10818713450292397 0.01864035087719298
0 0.22624269005847952 0.14172149122807018 0.2046783625730994 0.020833333333333332
0 0.24817251461988302 0.2425986842105263 0.26023391812865493 0.01864035087719298
0 0.10855263157894736 0.30783991228070173 0.04824561403508772 0.02412280701754386
0 0.09173976608187134 0.37472587719298245 0.03216374269005848 0.019736842105263157
0 0.2225877192982456 0.434484649122807 0.20614035087719296 0.027412280701754384
0 0.48428362573099415 0.5063048245614035 0.7266081871345029 0.03289473684210526
0 0.13998538011695905 0.5874451754385964 0.1286549707602339 0.021929824561403508
0 0.20577485380116958 0.716282894736842 0.18421052631578946 0.049342105263157895
0 0.24890350877192982 0.797423245614035 0.2733918128654971 0.01644736842105263
0 0.18457602339181287 0.8665021929824561 0.2149122807017544 0.029605263157894735
0 0.08516081871345028 0.935032894736842 0.027777777777777776 0.02412280701754386
0 0.8994883040935672 0.8264802631578947 0.07456140350877193 0.019736842105263157
0 0.8972953216374269 0.759594298245614 0.07309941520467836 0.02631578947368421
0 0.889985380116959 0.6603618421052632 0.07602339181286549 0.025219298245614034
0 0.8695175438596491 0.18283991228070173 0.07017543859649122 0.06140350877192982
3 0.4901315789473684 0.0868969298245614 0.3201754385964912 0.03399122807017543
3 0.4886695906432748 0.19161184210526314 0.2149122807017544 0.07456140350877193
3 0.4857456140350877 0.2738486842105263 0.2763157894736842 0.03289473684210526
3 0.49159356725146197 0.33251096491228066 0.2763157894736842 0.04057017543859649
3 0.48793859649122806 0.3993969298245614 0.16374269005847952 0.03399122807017543
3 0.49671052631578944 0.46463815789473684 0.19883040935672514 0.03728070175438596
3 0.4923245614035087 0.5507127192982456 0.23976608187134502 0.03618421052631579
3 0.49744152046783624 0.6208881578947368 0.2529239766081871 0.038377192982456135
3 0.49744152046783624 0.6647478070175438 0.14766081871345027 0.03399122807017543
3 0.49744152046783624 0.7590460526315789 0.18274853801169588 0.04714912280701754
3 0.5032894736842105 0.8308662280701754 0.402046783625731 0.03728070175438596
3 0.5040204678362573 0.8966557017543859 0.2982456140350877 0.03728070175438596
3 0.5032894736842105 0.9624451754385964 0.27923976608187134 0.039473684210526314
