0 0.160453216374269 0.033168859649122806 0.039473684210526314 0.01644736842105263
0 0.5639619883040935 0.01507675438596491 0.22076023391812866 0.02631578947368421
0 0.9433479532163742 0.016721491228070175 0.05263157894736842 0.027412280701754384
0 0.32785087719298245 0.13020833333333331 0.39766081871345027 0.16666666666666666
0 0.7664473684210525 0.12527412280701752 0.40350877192982454 0.18311403508771928
0 0.5500730994152047 0.4618969298245614 0.3742690058479532 0.038377192982456135
1 0.5551900584795322 0.32538377192982454 0.75 0.1995614035087719
0 0.33223684210526316 0.5715460526315789 0.38888888888888884 0.15679824561403508
0 0.33223684210526316 0.7118969298245613 0.38888888888888884 0.08223684210526315
0 0.33442982456140347 0.8253837719298245 0.3845029239766082 0.09868421052631579
0 0.33442982456140347 0.9317434210526315 0.3874269005847953 0.07456140350877193
0 0.6575292397660818 0.5041118421052632 0.2002923976608187 0.02412280701754386
0 0.7627923976608186 0.5868969298245613 0.4137426900584795 0.08442982456140351
0 0.7627923976608186 0.6833881578947368 0.4137426900584795 0.0625
0 0.7642543859649122 0.7667214912280701 0.40789473684210525 0.04057017543859649
0 0.7664473684210525 0.8730811403508771 0.42105263157894735 0.10855263157894736
0 0.7701023391812865 0.9745065789473684 0.4049707602339181 0.03728070175438596
3 0.3329678362573099 0.6625548245614035 0.21198830409356723 0.023026315789473683
3 0.3256578947368421 0.7667214912280701 0.18274853801169588 0.023026315789473683
3 0.329312865497076 0.8867872807017544 0.2807017543859649 0.02412280701754386
3 0.7664473684210525 0.5348135964912281 0.27485380116959063 0.02412280701754386
3 0.7671783625730993 0.6417214912280701 0.3201754385964912 0.020833333333333332
3 0.7613304093567251 0.7354714912280701 0.28216374269005845 0.03070175438596491
3 0.7598684210526315 0.8078399122807017 0.18859649122807015 0.03508771929824561
3 0.7569444444444444 0.9459978070175438 0.20614035087719296 0.03728070175438596
