0 0.15021929824561403 0.04632675438596491 0.12134502923976608 0.029605263157894735
0 0.5091374269005847 0.04139254385964912 0.283625730994152 0.02850877192982456
0 0.8468567251461988 0.033717105263157895 0.09941520467836257 0.03289473684210526
0 0.49378654970760233 0.10882675438596491 0.6388888888888888 0.03618421052631579
0 0.24378654970760233 0.1543311403508772 0.0804093567251462 0.02412280701754386
0 0.36586257309941517 0.1526864035087719 0.07894736842105263 0.023026315789473683
0 0.49378654970760233 0.15049342105263158 0.0804093567251462 0.03179824561403509
0 0.6202485380116959 0.14720394736842105 0.07894736842105263 0.025219298245614034
0 0.7474415204678362 0.14665570175438597 0.08187134502923976 0.02412280701754386
0 0.5003654970760234 0.2118969298245614 0.7426900584795322 0.0800438596491228
0 0.5003654970760234 0.29139254385964913 0.7426900584795322 0.05043859649122807
0 0.2905701754385965 0.32648026315789475 0.32309941520467833 0.013157894736842105
0 0.6129385964912281 0.3231907894736842 0.15497076023391812 0.017543859649122806
0 0.5032894736842105 0.3730811403508772 0.49707602339181284 0.044956140350877194
0 0.5062134502923976 0.4257127192982456 0.5818713450292398 0.023026315789473683
0 0.5142543859649122 0.5227521929824561 0.7616959064327485 0.14473684210526316
0 0.5120614035087719 0.6461074561403508 0.7602339181286549 0.08442982456140351
0 0.2986111111111111 0.8489583333333333 0.39766081871345027 0.2532894736842105
0 0.7379385964912281 0.7563048245614035 0.4137426900584795 0.12061403508771928
0 0.7394005847953216 0.9021381578947368 0.40789473684210525 0.1293859649122807
