0 0.4806286549707602 0.023848684210526314 0.19298245614035087 0.019736842105263157
0 0.8307748538011696 0.01507675438596491 0.033625730994152045 0.017543859649122806
3 0.4747807017543859 0.06661184210526315 0.6198830409356725 0.041666666666666664
0 0.8585526315789473 0.061677631578947366 0.07748538011695906 0.020833333333333332
0 0.4857456140350877 0.1318530701754386 0.8289473684210525 0.08662280701754385
0 0.23428362573099415 0.19709429824561403 0.3260233918128655 0.02850877192982456
0 0.47989766081871343 0.24150219298245612 0.8318713450292398 0.042763157894736836
0 0.2913011695906433 0.27987938596491224 0.37280701754385964 0.023026315789473683
0 0.4886695906432748 0.31606359649122806 0.837719298245614 0.044956140350877194
3 0.481359649122807 0.3626644736842105 0.5482456140350876 0.043859649122807015
0 0.4806286549707602 0.4065241228070175 0.8362573099415205 0.046052631578947366
3 0.48428362573099415 0.4459978070175438 0.4049707602339181 0.02412280701754386
0 0.8680555555555555 0.4416118421052631 0.06432748538011696 0.021929824561403508
0 0.0756578947368421 0.4728618421052631 0.03216374269005848 0.020833333333333332
0 0.1560672514619883 0.5381030701754386 0.19883040935672514 0.02412280701754386
0 0.339546783625731 0.6165021929824561 0.48391812865497075 0.03179824561403509
0 0.4959795321637427 0.6631030701754386 0.8728070175438596 0.046052631578947366
0 0.12390350877192982 0.7491776315789473 0.13742690058479531 0.027412280701754384
0 0.07785087719298245 0.9021381578947368 0.04824561403508772 0.019736842105263157
0 0.1202485380116959 0.972861842105263 0.1388888888888889 0.029605263157894735
3 0.481359649122807 0.5019188596491228 0.2149122807017544 0.03728070175438596
3 0.47989766081871343 0.5753837719298245 0.22953216374269003 0.03728070175438596
3 0.4820906432748538 0.709703947368421 0.2631578947368421 0.042763157894736836
3 0.4930555555555555 0.8259320175438596 0.4634502923976608 0.12609649122807018
3 0.4930555555555555 0.935032894736842 0.2704678362573099 0.043859649122807015
