0 0.4572368421052631 0.030427631578947366 0.2573099415204678 0.017543859649122806
0 0.8139619883040935 0.022752192982456138 0.02046783625730994 0.017543859649122806
3 0.4586988304093567 0.08744517543859649 0.5204678362573099 0.05921052631578947
0 0.8366228070175438 0.07757675438596491 0.06871345029239766 0.019736842105263157
0 0.25182748538011696 0.13240131578947367 0.3201754385964912 0.021929824561403508
1 0.4674707602339181 0.21737938596491227 0.5760233918128654 0.14583333333333331
0 0.4638157894736842 0.309484649122807 0.22953216374269003 0.01644736842105263
0 0.46966374269005845 0.3544407894736842 0.22953216374269003 0.027412280701754384
0 0.16557017543859648 0.4174890350877193 0.24122807017543857 0.019736842105263157
0 0.1472953216374269 0.4553179824561403 0.10526315789473684 0.01864035087719298
0 0.4777046783625731 0.49917763157894735 0.8479532163742689 0.0712719298245614
3 0.471125730994152 0.5479714912280701 0.19444444444444442 0.02631578947368421
0 0.8592836257309941 0.5424890350877193 0.06725146198830409 0.019736842105263157
0 0.31688596491228066 0.5742872807017544 0.5233918128654971 0.02631578947368421
1 0.4755116959064327 0.634594298245614 0.35818713450292394 0.09649122807017543
0 0.4755116959064327 0.6949013157894737 0.15350877192982454 0.017543859649122806
0 0.16630116959064326 0.7234100877192982 0.14912280701754385 0.019736842105263157
3 0.47404970760233917 0.7524671052631579 0.2733918128654971 0.03618421052631579
3 0.4755116959064327 0.8209978070175438 0.2587719298245614 0.03508771929824561
3 0.4777046783625731 0.8840460526315789 0.23391812865497075 0.03179824561403509
0 0.8680555555555555 0.7513706140350876 0.06725146198830409 0.025219298245614034
0 0.06542397660818713 0.7913925438596491 0.029239766081871343 0.019736842105263157
0 0.2774122807017544 0.8577302631578947 0.45321637426900585 0.025219298245614034
0 0.8695175438596491 0.8182565789473684 0.06725146198830409 0.01864035087719298
0 0.17653508771929824 0.9273574561403508 0.1608187134502924 0.019736842105263157
0 0.4806286549707602 0.9651864035087718 0.8654970760233918 0.05592105263157894
