0 0.435672514619883 0.1347313596491228 0.6228070175438596 0.019462719298245612
0 0.435672514619883 0.1673519736842105 0.6286549707602339 0.02987938596491228
0 0.13486842105263158 0.23177083333333331 0.039473684210526314 0.021655701754385963
0 0.14016812865497075 0.28673245614035087 0.04714912280701754 0.016995614035087717
0 0.42891081871345027 0.334703947368421 0.6304824561403508 0.03289473684210526
0 0.2911184210526316 0.38719846491228066 0.35489766081871343 0.019462719298245612
0 0.37317251461988304 0.45572916666666663 0.5343567251461988 0.01507675438596491
0 0.42507309941520466 0.5745614035087719 0.6564327485380117 0.03070175438596491
0 0.35197368421052627 0.655016447368421 0.49780701754385964 0.022752192982456138
0 0.4546783625730994 0.7173793859649122 0.6242690058479532 0.09484649122807016
0 0.287828947368421 0.7915296052631579 0.3914473684210526 0.023848684210526314
0 0.4334795321637427 0.8441611842105262 0.679093567251462 0.07648026315789473
3 0.5286915204678362 0.2021655701754386 0.42799707602339176 0.03755482456140351
3 0.5361842105263157 0.25644188596491224 0.4276315789473684 0.03865131578947368
3 0.5445906432748537 0.30386513157894735 0.41447368421052627 0.026041666666666664
3 0.5370979532163742 0.3660910087719298 0.4294590643274854 0.02987938596491228
3 0.4577850877192982 0.4221491228070175 0.6275584795321637 0.038925438596491224
3 0.47679093567251457 0.5106907894736842 0.5646929824561403 0.08333333333333333
3 0.45175438596491224 0.6212993421052632 0.6184210526315789 0.03755482456140351
