0 0.14656432748538012 0.04084429824561403 0.021929824561403508 0.01864035087719298
0 0.508406432748538 0.028234649122807015 0.19883040935672514 0.02631578947368421
0 0.30372807017543857 0.21573464912280702 0.18128654970760233 0.015350877192982455
0 0.3015350877192982 0.35334429824561403 0.2178362573099415 0.01425438596491228
0 0.30080409356725146 0.3840460526315789 0.2982456140350877 0.023026315789473683
0 0.7116228070175438 0.3829495614035088 0.3128654970760234 0.020833333333333332
0 0.5120614035087719 0.4608004385964912 0.8201754385964912 0.11732456140350876
1 0.3044590643274854 0.1576206140350877 0.32309941520467833 0.09868421052631579
1 0.6962719298245613 0.10882675438596491 0.33771929824561403 0.09758771929824561
1 0.6955409356725146 0.2080592105263158 0.3362573099415205 0.09649122807017543
1 0.7108918128654971 0.30893640350877194 0.35818713450292394 0.09868421052631579
1 0.30665204678362573 0.28536184210526316 0.32456140350877194 0.11513157894736842
1 0.5171783625730993 0.5995065789473684 0.5555555555555556 0.1557017543859649
1 0.5179093567251462 0.7601425438596491 0.5599415204678362 0.15021929824561403
0 0.5164473684210527 0.8582785087719298 0.24707602339181284 0.019736842105263157
0 0.5201023391812866 0.9235197368421052 0.8333333333333333 0.11074561403508772
