0 0.4402412280701754 0.11992872807017543 0.6260964912280701 0.026041666666666664
0 0.44170321637426896 0.1576206140350877 0.6260964912280701 0.03289473684210526
0 0.3252923976608187 0.20326206140350875 0.41739766081871343 0.023848684210526314
0 0.25219298245614036 0.23314144736842105 0.2587719298245614 0.021655701754385963
0 0.4402412280701754 0.2890625 0.6414473684210525 0.07867324561403509
0 0.3510599415204678 0.3900767543859649 0.46893274853801165 0.020833333333333332
0 0.2567616959064327 0.4551809210526315 0.2891081871345029 0.020559210526315787
0 0.15168128654970758 0.5004111842105263 0.08552631578947367 0.019462719298245612
0 0.19426169590643275 0.5700383771929824 0.17945906432748537 0.019462719298245612
0 0.44334795321637427 0.6825657894736842 0.6747076023391813 0.12335526315789473
0 0.20577485380116958 0.8029057017543859 0.2149122807017544 0.02631578947368421
3 0.5635964912280701 0.1850328947368421 0.3823099415204678 0.02631578947368421
3 0.5330774853801169 0.3586896929824561 0.4616228070175438 0.04468201754385965
3 0.5193713450292398 0.42489035087719296 0.5073099415204678 0.042214912280701754
3 0.5460526315789473 0.47628837719298245 0.4510233918128655 0.023848684210526314
3 0.5224780701754386 0.5363212719298245 0.5135233918128654 0.04797149122807017
3 0.5445906432748537 0.5996436403508771 0.46929824561403505 0.03755482456140351
3 0.5612207602339181 0.7675438596491228 0.4506578947368421 0.042214912280701754
3 0.5544590643274854 0.8355263157894737 0.4707602339181286 0.043311403508771926
