0 0.508406432748538 0.014528508771929825 0.15058479532163743 0.025219298245614034
0 0.5997807017543859 0.04797149122807017 0.6608187134502923 0.05701754385964912
0 0.35928362573099415 0.22450657894736842 0.2909356725146199 0.2894736842105263
0 0.673611111111111 0.303453947368421 0.3114035087719298 0.13157894736842105
1 0.6663011695906432 0.15542763157894737 0.3114035087719298 0.1513157894736842
0 0.8892543859649122 0.12143640350877193 0.11403508771929824 0.08552631578947367
0 0.8994883040935672 0.3681469298245614 0.1286549707602339 0.418859649122807
1 0.16410818713450293 0.16474780701754385 0.07309941520467836 0.0668859649122807
1 0.15679824561403508 0.39610745614035087 0.07602339181286549 0.04714912280701754
1 0.15314327485380116 0.5929276315789473 0.07456140350877193 0.041666666666666664
1 0.15533625730994152 0.7996162280701754 0.07602339181286549 0.044956140350877194
1 0.5120614035087719 0.5101425438596491 0.30116959064327486 0.1611842105263158
1 0.8921783625730993 0.6609100877192982 0.12280701754385964 0.17543859649122806
1 0.8987573099415204 0.947094298245614 0.12134502923976608 0.08552631578947367
0 0.08589181286549707 0.0918311403508772 0.05116959064327485 0.02850877192982456
0 0.12171052631578946 0.23656798245614033 0.13157894736842105 0.24122807017543857
0 0.11513157894736842 0.4564144736842105 0.12134502923976608 0.19407894736842105
0 0.11001461988304093 0.6576206140350876 0.12573099415204678 0.20394736842105263
0 0.11074561403508772 0.865953947368421 0.12426900584795321 0.21052631578947367
0 0.5164473684210527 0.4037828947368421 0.5321637426900585 0.042763157894736836
0 0.2803362573099415 0.6987390350877193 0.15058479532163743 0.5449561403508771
0 0.43530701754385964 0.7902960526315789 0.14473684210526316 0.35964912280701755
0 0.5873538011695906 0.6806469298245613 0.14766081871345027 0.14473684210526316
0 0.748172514619883 0.5945723684210525 0.1564327485380117 0.33223684210526316
0 0.7510964912280701 0.7985197368421052 0.3669590643274854 0.042763157894736836
0 0.6758040935672515 0.9004934210526315 0.30994152046783624 0.16776315789473684
0 0.8951023391812865 0.8632127192982456 0.1286549707602339 0.07785087719298245
