0 0.11220760233918128 0.04194078947368421 0.059941520467836254 0.023026315789473683
0 0.4989035087719298 0.03700657894736842 0.38596491228070173 0.021929824561403508
0 0.9016812865497076 0.03481359649122807 0.04239766081871345 0.019736842105263157
1 0.25621345029239767 0.1356907894736842 0.2543859649122807 0.1074561403508772
1 0.5105994152046783 0.1356907894736842 0.24561403508771928 0.09868421052631579
1 0.7591374269005847 0.13294956140350878 0.24561403508771928 0.09978070175438596
0 0.2576754385964912 0.1943530701754386 0.049707602339181284 0.01644736842105263
0 0.5164473684210527 0.1943530701754386 0.04678362573099415 0.01644736842105263
0 0.7576754385964912 0.19216008771929824 0.049707602339181284 0.01864035087719298
0 0.5098684210526315 0.2250548245614035 0.10087719298245613 0.01864035087719298
1 0.26133040935672514 0.3056469298245614 0.25 0.10307017543859648
1 0.514985380116959 0.3045504385964912 0.24853801169590642 0.09868421052631579
1 0.7657163742690059 0.30290570175438597 0.24122807017543857 0.09758771929824561
0 0.2671783625730994 0.36540570175438597 0.04239766081871345 0.01425438596491228
0 0.5201023391812866 0.36430921052631576 0.05116959064327485 0.01425438596491228
0 0.7657163742690059 0.35992324561403505 0.04532163742690058 0.01644736842105263
0 0.5201023391812866 0.3939144736842105 0.10380116959064327 0.01425438596491228
1 0.26498538011695905 0.4788925438596491 0.24853801169590642 0.10307017543859648
1 0.5215643274853801 0.4766995614035087 0.24415204678362573 0.10087719298245613
1 0.7693713450292398 0.4701206140350877 0.24269005847953215 0.09649122807017543
0 0.26571637426900585 0.5413925438596491 0.04532163742690058 0.017543859649122806
0 0.5274122807017544 0.5370065789473684 0.04239766081871345 0.017543859649122806
0 0.7701023391812865 0.5315241228070176 0.04532163742690058 0.015350877192982455
0 0.5244883040935672 0.565515350877193 0.10380116959064327 0.017543859649122806
1 0.26937134502923976 0.6526864035087719 0.25146198830409355 0.10416666666666666
1 0.5259502923976608 0.647203947368421 0.24707602339181284 0.09978070175438596
1 0.7803362573099415 0.6455592105263157 0.24122807017543857 0.10087719298245613
0 0.27229532163742687 0.7168311403508771 0.05263157894736842 0.017543859649122806
0 0.5274122807017544 0.7080592105263157 0.04824561403508772 0.013157894736842105
0 0.7781432748538011 0.7047697368421052 0.043859649122807015 0.017543859649122806
0 0.5317982456140351 0.7404057017543859 0.10380116959064327 0.01864035087719298
1 0.2708333333333333 0.8314144736842105 0.2573099415204678 0.10416666666666666
1 0.5317982456140351 0.8231907894736842 0.25 0.10307017543859648
1 0.7869152046783625 0.8171600877192982 0.25146198830409355 0.10416666666666666
0 0.27229532163742687 0.8917214912280701 0.043859649122807015 0.01644736842105263
0 0.535453216374269 0.8834978070175438 0.05555555555555555 0.017543859649122806
0 0.7803362573099415 0.8791118421052632 0.04532163742690058 0.013157894736842105
0 0.5339912280701754 0.9141995614035088 0.09649122807017543 0.017543859649122806
0 0.5361842105263157 0.9629934210526315 0.33771929824561403 0.038377192982456135
