0 0.4586988304093567 0.035910087719298246 0.27485380116959063 0.02412280701754386
0 0.819078947368421 0.028234649122807015 0.027777777777777776 0.019736842105263157
1 0.46893274853801165 0.12582236842105263 0.3684210526315789 0.12719298245614036
1 0.464546783625731 0.26233552631578944 0.3567251461988304 0.14364035087719298
0 0.46235380116959063 0.3511513157894737 0.29970760233918126 0.020833333333333332
0 0.43530701754385964 0.3856907894736842 0.7105263157894737 0.043859649122807015
3 0.45942982456140347 0.43283991228070173 0.11842105263157894 0.03289473684210526
0 0.4608918128654971 0.5134320175438596 0.861111111111111 0.11513157894736842
1 0.4674707602339181 0.7628837719298245 0.7192982456140351 0.381578947368421
0 0.4674707602339181 0.9750548245614035 0.4005847953216374 0.025219298245614034
