0 0.47916666666666663 0.04029605263157895 0.283625730994152 0.02631578947368421
0 0.8307748538011696 0.03865131578947368 0.021929824561403508 0.01644736842105263
0 0.8519736842105262 0.08305921052631579 0.07309941520467836 0.019736842105263157
0 0.18311403508771928 0.11705043859649122 0.13011695906432746 0.019736842105263157
0 0.356359649122807 0.17900219298245612 0.48245614035087714 0.020833333333333332
0 0.8622076023391813 0.20476973684210525 0.07017543859649122 0.017543859649122806
0 0.8570906432748537 0.1444627192982456 0.06286549707602339 0.015350877192982455
0 0.2905701754385965 0.24205043859649122 0.3508771929824561 0.019736842105263157
0 0.4199561403508772 0.28536184210526316 0.6067251461988303 0.025219298245614034
0 0.4886695906432748 0.7765899122807017 0.26169590643274854 0.020833333333333332
0 0.4886695906432748 0.8873355263157894 0.8698830409356725 0.18969298245614033
3 0.481359649122807 0.08799342105263157 0.40789473684210525 0.029605263157894735
3 0.481359649122807 0.14775219298245612 0.6447368421052632 0.03508771929824561
3 0.4784356725146199 0.20970394736842105 0.19444444444444442 0.03618421052631579
1 0.2986111111111111 0.36485745614035087 0.20614035087719296 0.1293859649122807
1 0.6129385964912281 0.359375 0.26461988304093564 0.11842105263157894
1 0.27814327485380114 0.5123355263157895 0.2178362573099415 0.12609649122807018
1 0.6056286549707602 0.5128837719298245 0.3640350877192982 0.11842105263157894
1 0.2898391812865497 0.6707785087719298 0.18859649122807015 0.125
1 0.6129385964912281 0.665844298245614 0.3961988304093567 0.12390350877192982
0 0.45577485380116955 0.4339364035087719 0.08187134502923976 0.019736842105263157
0 0.45577485380116955 0.5885416666666666 0.06140350877192982 0.019736842105263157
0 0.46527777777777773 0.7453399122807017 0.07456140350877193 0.019736842105263157
