1 0.5076754385964912 0.13404605263157893 0.763157894736842 0.2357456140350877
0 0.5062134502923976 0.2891995614035088 0.4269005847953216 0.041666666666666664
0 0.2715643274853801 0.35334429824561403 0.4225146198830409 0.044956140350877194
3 0.26498538011695905 0.390625 0.22514619883040934 0.038377192982456135
0 0.2715643274853801 0.4487390350877193 0.42543859649122806 0.08223684210526315
3 0.26571637426900585 0.5079495614035088 0.22076023391812866 0.04057017543859649
0 0.7320906432748537 0.3758223684210526 0.4195906432748538 0.08771929824561403
0 0.7313596491228069 0.4662828947368421 0.42397660818713445 0.042763157894736836
0 0.7306286549707602 0.5117872807017544 0.4225146198830409 0.03728070175438596
0 0.5018274853801169 0.6735197368421052 0.12280701754385964 0.04057017543859649
0 0.5025584795321637 0.8149671052631579 0.17105263157894735 0.044956140350877194
0 0.5062134502923976 0.8736293859649122 0.5321637426900585 0.043859649122807015
0 0.2759502923976608 0.941611842105263 0.4195906432748538 0.06578947368421052
0 0.727704678362573 0.9443530701754386 0.43128654970760233 0.06030701754385964
1 0.5069444444444444 0.5984100877192983 0.8464912280701754 0.09649122807017543
1 0.5062134502923976 0.7480811403508771 0.8362573099415205 0.0800438596491228
3 0.7350146198830408 0.4350328947368421 0.1593567251461988 0.02850877192982456
