0 0.5010964912280701 0.03755482456140351 0.19298245614035087 0.01864035087719298
0 0.15533625730994152 0.03700657894736842 0.03654970760233918 0.015350877192982455
1 0.5018274853801169 0.1663925438596491 0.3201754385964912 0.21271929824561403
0 0.5003654970760234 0.2902960526315789 0.26169590643274854 0.017543859649122806
0 0.4572368421052631 0.31222587719298245 0.672514619883041 0.02850877192982456
3 0.5003654970760234 0.3632127192982456 0.32309941520467833 0.0712719298245614
0 0.2671783625730994 0.40981359649122806 0.36257309941520466 0.02850877192982456
3 0.49378654970760233 0.44435307017543857 0.25146198830409355 0.03618421052631579
0 0.8841374269005847 0.4416118421052631 0.07309941520467836 0.02631578947368421
0 0.2357456140350877 0.4777960526315789 0.3084795321637427 0.02631578947368421
3 0.4989035087719298 0.5084978070175439 0.18859649122807015 0.039473684210526314
3 0.4996345029239766 0.5441337719298245 0.3128654970760234 0.027412280701754384
0 0.5003654970760234 0.6143092105263157 0.861111111111111 0.12390350877192982
1 0.5018274853801169 0.8105811403508771 0.817251461988304 0.24890350877192982
0 0.49671052631578944 0.9569627192982456 0.40350877192982454 0.02412280701754386
