0 0.47989766081871343 0.0424890350877193 0.18567251461988304 0.021929824561403508
0 0.8322368421052632 0.03426535087719298 0.033625730994152045 0.01644736842105263
0 0.133406432748538 0.08854166666666666 0.027777777777777776 0.019736842105263157
3 0.4777046783625731 0.10718201754385964 0.25146198830409355 0.02850877192982456
0 0.3987573099415204 0.13349780701754385 0.6345029239766081 0.019736842105263157
1 0.4820906432748538 0.22834429824561403 0.5292397660818713 0.1611842105263158
0 0.47989766081871343 0.3237390350877193 0.14766081871345027 0.01864035087719298
0 0.4930555555555555 0.4459978070175438 0.8289473684210525 0.2149122807017544
0 0.1472953216374269 0.5753837719298245 0.0935672514619883 0.021929824561403508
0 0.08954678362573099 0.6077302631578947 0.024853801169590642 0.020833333333333332
0 0.13048245614035087 0.6652960526315789 0.033625730994152045 0.019736842105263157
0 0.08662280701754385 0.6992872807017544 0.03070175438596491 0.015350877192982455
0 0.1246345029239766 0.7749451754385964 0.033625730994152045 0.019736842105263157
0 0.08516081871345028 0.8111293859649122 0.03654970760233918 0.02412280701754386
0 0.48282163742690054 0.9054276315789473 0.3435672514619883 0.03070175438596491
0 0.49671052631578944 0.966282894736842 0.8625730994152047 0.049342105263157895
0 0.8709795321637427 0.6313048245614035 0.07309941520467836 0.021929824561403508
0 0.8753654970760233 0.7360197368421052 0.07017543859649122 0.029605263157894735
0 0.8760964912280701 0.8484100877192982 0.0804093567251462 0.021929824561403508
3 0.4367690058479532 0.5764802631578947 0.3742690058479532 0.039473684210526314
3 0.4806286549707602 0.6302083333333333 0.07602339181286549 0.019736842105263157
3 0.5040204678362573 0.6663925438596491 0.5292397660818713 0.041666666666666664
3 0.481359649122807 0.7316337719298245 0.10087719298245613 0.029605263157894735
3 0.47697368421052627 0.7754934210526315 0.48391812865497075 0.04057017543859649
3 0.4850146198830409 0.846765350877193 0.16666666666666666 0.038377192982456135
