0 0.12682748538011696 0.007538377192982455 0.04532163742690058 0.01507675438596491
0 0.5603070175438596 0.005756578947368421 0.23976608187134502 0.007675438596491228
0 0.9301900584795321 0.015625 0.04678362573099415 0.027412280701754384
1 0.5317982456140351 0.16529605263157893 0.8230994152046783 0.23684210526315788
0 0.5391081871345029 0.3105811403508772 0.15058479532163743 0.020833333333333332
0 0.5376461988304093 0.3308662280701754 0.3026315789473684 0.019736842105263157
0 0.3110380116959064 0.3999451754385965 0.4225146198830409 0.08552631578947367
0 0.3117690058479532 0.5726425438596491 0.4152046783625731 0.2532894736842105
0 0.31469298245614036 0.8379934210526315 0.4152046783625731 0.2708333333333333
0 0.7503654970760234 0.38130482456140347 0.40350877192982454 0.046052631578947366
0 0.6158625730994152 0.41310307017543857 0.13157894736842105 0.017543859649122806
0 0.6633771929824561 0.43229166666666663 0.22368421052631576 0.023026315789473683
0 0.7489035087719298 0.5518092105263157 0.40350877192982454 0.2094298245614035
0 0.7540204678362573 0.7042214912280701 0.39327485380116955 0.0581140350877193
2 0.7540204678362573 0.772203947368421 0.31725146198830406 0.08881578947368421
0 0.7510964912280701 0.9054276315789473 0.3991228070175438 0.14912280701754385
