0 0.1370614035087719 0.04139254385964912 0.12134502923976608 0.03070175438596491
0 0.5003654970760234 0.03645833333333333 0.283625730994152 0.03179824561403509
0 0.8468567251461988 0.033168859649122806 0.09941520467836257 0.03179824561403509
0 0.48428362573099415 0.10444078947368421 0.6695906432748537 0.03399122807017543
0 0.2839912280701754 0.1493969298245614 0.09649122807017543 0.023026315789473683
0 0.42068713450292394 0.1488486842105263 0.08333333333333333 0.02412280701754386
0 0.5515350877192983 0.14720394736842105 0.08771929824561403 0.025219298245614034
0 0.6860380116959064 0.14665570175438597 0.09941520467836257 0.02412280701754386
0 0.48647660818713445 0.22450657894736842 0.7646198830409356 0.09210526315789473
0 0.4857456140350877 0.3100328947368421 0.7602339181286549 0.05263157894736842
0 0.2701023391812865 0.34786184210526316 0.33187134502923976 0.01425438596491228
0 0.6122076023391813 0.34621710526315785 0.1739766081871345 0.017543859649122806
0 0.4857456140350877 0.3807565789473684 0.7222222222222222 0.01864035087719298
0 0.48647660818713445 0.4174890350877193 0.4371345029239766 0.017543859649122806
0 0.4923245614035087 0.5337171052631579 0.7704678362573099 0.18640350877192982
0 0.4930555555555555 0.6811951754385964 0.7719298245614035 0.0800438596491228
0 0.2766812865497076 0.8604714912280701 0.4064327485380117 0.24342105263157893
0 0.7182017543859649 0.8588267543859649 0.4122807017543859 0.24232456140350875
