1 0.29203216374269003 0.07538377192982455 0.35526315789473684 0.11184210526315788
0 0.2839912280701754 0.13898026315789472 0.26608187134502925 0.019736842105263157
0 0.6809210526315789 0.02494517543859649 0.33187134502923976 0.02412280701754386
0 0.7445175438596491 0.06332236842105263 0.4473684210526315 0.05263157894736842
0 0.7401315789473684 0.0956688596491228 0.4093567251461988 0.01864035087719298
0 0.5844298245614035 0.13294956140350878 0.15058479532163743 0.049342105263157895
0 0.8205409356725146 0.17242324561403508 0.30994152046783624 0.13048245614035087
0 0.35928362573099415 0.203125 0.5804093567251462 0.04714912280701754
0 0.356359649122807 0.25356359649122806 0.4751461988304093 0.042763157894736836
0 0.35855263157894735 0.34731359649122806 0.5906432748538011 0.1337719298245614
0 0.12609649122807018 0.4706688596491228 0.12280701754385964 0.09100877192982455
0 0.11878654970760233 0.5485197368421052 0.09064327485380116 0.04714912280701754
0 0.11805555555555555 0.7881030701754386 0.12134502923976608 0.36184210526315785
1 0.42507309941520466 0.5512609649122807 0.4546783625730994 0.2587719298245614
0 0.49744152046783624 0.7212171052631579 0.5643274853801169 0.05701754385964912
0 0.5120614035087719 0.7590460526315789 0.49122807017543857 0.04057017543859649
1 0.258406432748538 0.7919407894736842 0.12426900584795321 0.042763157894736836
0 0.2591374269005848 0.8988486842105262 0.14619883040935672 0.1469298245614035
0 0.4228801169590643 0.8758223684210525 0.14327485380116958 0.20175438596491227
0 0.6538742690058479 0.8166118421052632 0.3128654970760234 0.09210526315789473
0 0.6509502923976608 0.8856907894736842 0.21929824561403508 0.03289473684210526
0 0.6524122807017544 0.9465460526315789 0.30994152046783624 0.08442982456140351
0 0.8841374269005847 0.841282894736842 0.141812865497076 0.2949561403508772
0 0.7664473684210525 0.5304276315789473 0.20760233918128654 0.021929824561403508
0 0.8132309941520467 0.5550986842105263 0.2309941520467836 0.03179824561403509
0 0.8161549707602339 0.6258223684210525 0.30409356725146197 0.1162280701754386
0 0.8154239766081871 0.27768640350877194 0.24415204678362573 0.05592105263157894
0 0.8161549707602339 0.3138706140350877 0.24269005847953215 0.01644736842105263
0 0.8176169590643274 0.41584429824561403 0.30994152046783624 0.18311403508771928
