0 0.3358918128654971 0.030975877192982455 0.5511695906432749 0.03399122807017543
0 0.3300438596491228 0.051809210526315784 0.33479532163742687 0.01644736842105263
0 0.33808479532163743 0.10992324561403508 0.611111111111111 0.08881578947368421
0 0.7174707602339181 0.08634868421052631 0.16228070175438597 0.14912280701754385
0 0.4133771929824561 0.19654605263157893 0.6710526315789473 0.04714912280701754
0 0.40314327485380114 0.22834429824561403 0.43421052631578944 0.025219298245614034
0 0.18019005847953215 0.4213267543859649 0.2894736842105263 0.356359649122807
0 0.5668859649122807 0.2738486842105263 0.4634502923976608 0.07017543859649122
1 0.5683479532163742 0.434484649122807 0.4751461988304093 0.2445175438596491
0 0.5712719298245613 0.5830592105263157 0.45175438596491224 0.03728070175438596
0 0.25621345029239767 0.6921600877192982 0.4649122807017544 0.15460526315789472
0 0.25475146198830406 0.8856907894736842 0.4678362573099415 0.1995614035087719
0 0.575657894736842 0.753015350877193 0.15350877192982454 0.2807017543859649
0 0.7298976608187134 0.6334978070175439 0.14035087719298245 0.039473684210526314
0 0.7328216374269005 0.7765899122807017 0.15497076023391812 0.24013157894736842
0 0.6575292397660818 0.9476425438596491 0.31432748538011696 0.08442982456140351
0 0.8782894736842105 0.04084429824561403 0.11257309941520467 0.038377192982456135
0 0.900219298245614 0.26398026315789475 0.18274853801169588 0.39035087719298245
0 0.8921783625730993 0.48492324561403505 0.13742690058479531 0.04714912280701754
0 0.8965643274853801 0.7513706140350876 0.16374269005847952 0.4747807017543859
