0 0.4682017543859649 0.03700657894736842 0.29970760233918126 0.021929824561403508
0 0.8285818713450291 0.03207236842105263 0.02631578947368421 0.020833333333333332
0 0.4725877192982456 0.08799342105263157 0.817251461988304 0.049342105263157895
3 0.46527777777777773 0.12527412280701752 0.3201754385964912 0.023026315789473683
3 0.46673976608187134 0.1800986842105263 0.2002923976608187 0.029605263157894735
3 0.4725877192982456 0.24588815789473684 0.26461988304093564 0.03179824561403509
3 0.46673976608187134 0.3358004385964912 0.32309941520467833 0.03618421052631579
3 0.46966374269005845 0.5638706140350876 0.07163742690058479 0.03179824561403509
3 0.47039473684210525 0.6318530701754386 0.3362573099415205 0.03399122807017543
3 0.47331871345029236 0.903782894736842 0.4473684210526315 0.027412280701754384
0 0.2525584795321637 0.15213815789473684 0.3070175438596491 0.019736842105263157
0 0.12244152046783625 0.2151864035087719 0.11695906432748537 0.020833333333333332
0 0.47404970760233917 0.29139254385964913 0.8201754385964912 0.05263157894736842
0 0.8570906432748537 0.33031798245614036 0.059941520467836254 0.01425438596491228
0 0.4777046783625731 0.44983552631578944 0.8362573099415205 0.1875
0 0.35489766081871343 0.5978618421052632 0.5087719298245614 0.020833333333333332
0 0.4755116959064327 0.7009320175438596 0.837719298245614 0.09100877192982455
0 0.20285087719298245 0.7738486842105263 0.28654970760233917 0.021929824561403508
0 0.4784356725146199 0.8451206140350876 0.837719298245614 0.08991228070175439
0 0.4784356725146199 0.953673245614035 0.8347953216374269 0.07017543859649122
