0 0.4506578947368421 0.021107456140350877 0.29970760233918126 0.020833333333333332
0 0.8000730994152047 0.023300438596491228 0.039473684210526314 0.01864035087719298
0 0.22770467836257308 0.07044956140350876 0.3362573099415205 0.03399122807017543
3 0.46527777777777773 0.08470394736842105 0.13304093567251463 0.027412280701754384
3 0.46235380116959063 0.1181469298245614 0.29970760233918126 0.039473684210526314
0 0.258406432748538 0.1581688596491228 0.391812865497076 0.03399122807017543
1 0.481359649122807 0.31112938596491224 0.46929824561403505 0.293859649122807
0 0.47916666666666663 0.47560307017543857 0.2777777777777778 0.021929824561403508
0 0.47989766081871343 0.5123355263157895 0.8260233918128654 0.06030701754385964
0 0.28252923976608185 0.5666118421052632 0.42836257309941517 0.03289473684210526
0 0.4850146198830409 0.6822916666666666 0.8333333333333333 0.21162280701754385
3 0.4930555555555555 0.7957785087719298 0.2675438596491228 0.02850877192982456
3 0.49378654970760233 0.8516995614035088 0.2631578947368421 0.041666666666666664
3 0.5003654970760234 0.9421600877192982 0.27923976608187134 0.05153508771929824
0 0.14510233918128654 0.8303179824561403 0.12719298245614036 0.020833333333333332
0 0.8724415204678362 0.8358004385964912 0.07309941520467836 0.020833333333333332
0 0.5091374269005847 0.9015899122807017 0.8523391812865496 0.0668859649122807
