0 0.481359649122807 0.028234649122807015 0.09649122807017543 0.039473684210526314
0 0.40314327485380114 0.07154605263157894 0.6681286549707602 0.0537280701754386
0 0.4024122807017544 0.10389254385964912 0.5847953216374269 0.015350877192982455
0 0.4148391812865497 0.1800986842105263 0.7616959064327485 0.12609649122807018
0 0.17214912280701752 0.28426535087719296 0.25 0.05592105263157894
0 0.17214912280701752 0.5441337719298245 0.29970760233918126 0.44846491228070173
1 0.17726608187134502 0.859375 0.2894736842105263 0.17105263157894735
1 0.5559210526315789 0.36759868421052627 0.4619883040935672 0.23355263157894735
0 0.1787280701754386 0.9701206140350876 0.29532163742690054 0.05263157894736842
0 0.5639619883040935 0.7606907894736842 0.4634502923976608 0.46929824561403505
0 0.8775584795321637 0.061677631578947366 0.14035087719298245 0.044956140350877194
0 0.8826754385964912 0.3933662280701754 0.16228070175438597 0.5504385964912281
0 0.879751461988304 0.7151864035087719 0.13304093567251463 0.044956140350877194
0 0.889985380116959 0.8703399122807017 0.16228070175438597 0.2543859649122807
