1 0.1648391812865497 0.22450657894736842 0.22953216374269003 0.11842105263157894
1 0.508406432748538 0.16584429824561403 0.25584795321637427 0.23135964912280702
1 0.8000730994152047 0.20202850877192982 0.1783625730994152 0.15021929824561403
1 0.5040204678362573 0.4882127192982456 0.2704678362573099 0.12390350877192982
1 0.13486842105263158 0.8149671052631579 0.09941520467836257 0.0800438596491228
1 0.23866959064327484 0.8763706140350876 0.14912280701754385 0.029605263157894735
0 0.034722222222222224 0.06332236842105263 0.019005847953216373 0.046052631578947366
0 0.1692251461988304 0.3105811403508772 0.22660818713450293 0.029605263157894735
0 0.4850146198830409 0.3001644736842105 0.17982456140350878 0.03070175438596491
0 0.8008040935672515 0.2963267543859649 0.19444444444444442 0.025219298245614034
0 0.5018274853801169 0.5764802631578947 0.435672514619883 0.046052631578947366
0 0.518640350877193 0.7256030701754386 0.8669590643274854 0.05043859649122807
0 0.5815058479532164 0.7979714912280701 0.7763157894736842 0.09210526315789473
0 0.8095760233918128 0.853344298245614 0.3055555555555555 0.027412280701754384
0 0.12097953216374269 0.8802083333333333 0.07163742690058479 0.021929824561403508
0 0.5062134502923976 0.9131030701754386 0.9239766081871345 0.05921052631578947
