1 0.3084795321637427 0.10101425438596491 0.4809941520467836 0.20093201754385964
1 0.28563596491228066 0.33072916666666663 0.4141081871345029 0.24917763157894735
1 0.7417763157894737 0.265625 0.5040204678362573 0.2763157894736842
1 0.31377923976608185 0.7680921052631579 0.3607456140350877 0.44791666666666663
1 0.7394005847953216 0.5100054824561403 0.43859649122807015 0.1806469298245614
1 0.7394005847953216 0.7110745614035088 0.43859649122807015 0.18037280701754385
1 0.7425073099415205 0.8995339912280701 0.4265350877192982 0.17351973684210525
0 0.26059941520467833 0.48601973684210525 0.1995614035087719 0.018092105263157895
0 0.287828947368421 0.5487938596491228 0.24524853801169588 0.09375
0 0.5650584795321637 0.07319078947368421 0.12646198830409355 0.02412280701754386
0 0.6321271929824561 0.15542763157894737 0.24232456140350875 0.13596491228070173
1 0.7143640350877193 0.12212171052631578 0.06542397660818713 0.06058114035087719
1 0.37244152046783624 0.5334429824561403 0.0577485380116959 0.0581140350877193
