0 0.12609649122807018 0.026589912280701754 0.04093567251461988 0.01864035087719298
0 0.54203216374269 0.019462719298245612 0.22076023391812866 0.02631578947368421
0 0.9214181286549707 0.022203947368421052 0.04678362573099415 0.03179824561403509
0 0.3073830409356725 0.20915570175438594 0.41812865497076024 0.3201754385964912
3 0.27960526315789475 0.38733552631578944 0.27485380116959063 0.03618421052631579
3 0.3073830409356725 0.42297149122807015 0.33040935672514615 0.03508771929824561
0 0.20723684210526314 0.4520285087719298 0.20614035087719296 0.023026315789473683
0 0.19334795321637427 0.4739583333333333 0.18128654970760233 0.01864035087719298
0 0.3081140350877193 0.5567434210526315 0.41081871345029236 0.14473684210526316
0 0.3088450292397661 0.6559758771929824 0.2543859649122807 0.020833333333333332
0 0.3088450292397661 0.6817434210526315 0.39473684210526316 0.03508771929824561
2 0.31323099415204675 0.7469846491228069 0.4005847953216374 0.09758771929824561
0 0.31469298245614036 0.8917214912280701 0.4064327485380117 0.15899122807017543
1 0.7452485380116959 0.09950657894736842 0.3961988304093567 0.07894736842105263
0 0.7598684210526315 0.16036184210526314 0.13596491228070173 0.04057017543859649
1 0.7437865497076023 0.23656798245614033 0.3961988304093567 0.07017543859649122
0 0.7554824561403508 0.29797149122807015 0.12719298245614036 0.041666666666666664
1 0.7445175438596491 0.36979166666666663 0.39766081871345027 0.06907894736842105
0 0.7569444444444444 0.42297149122807015 0.10964912280701754 0.02412280701754386
1 0.7430555555555555 0.4832785087719298 0.39766081871345027 0.06578947368421052
0 0.7525584795321637 0.5370065789473684 0.097953216374269 0.021929824561403508
1 0.7430555555555555 0.5962171052631579 0.391812865497076 0.06140350877192982
0 0.7518274853801169 0.6493969298245613 0.11403508771929824 0.023026315789473683
1 0.7430555555555555 0.7069627192982456 0.39473684210526316 0.06798245614035087
0 0.7518274853801169 0.7601425438596491 0.09649122807017543 0.020833333333333332
0 0.7474415204678362 0.8040021929824561 0.35964912280701755 0.038377192982456135
0 0.629751461988304 0.8489583333333333 0.19444444444444442 0.025219298245614034
0 0.741593567251462 0.9240679824561403 0.39766081871345027 0.125
