1 0.7394005847953216 0.13253837719298245 0.49634502923976603 0.23656798245614033
1 0.3389985380116959 0.3803453947368421 0.5266812865497076 0.29797149122807015
1 0.38687865497076024 0.483141447368421 0.44334795321637427 0.18612938596491227
1 0.7905701754385964 0.34731359649122806 0.40350877192982454 0.1907894736842105
1 0.8024488304093567 0.5215186403508771 0.39364035087719296 0.15981359649122806
1 0.27814327485380114 0.7395833333333333 0.4232456140350877 0.28344298245614036
1 0.6951754385964912 0.8669133771929824 0.6030701754385964 0.2387609649122807
0 0.19279970760233917 0.0771655701754386 0.13413742690058478 0.020559210526315787
0 0.24689327485380116 0.16282894736842105 0.2269736842105263 0.1370614035087719
0 0.7090643274853801 0.6288377192982456 0.12792397660818713 0.025219298245614034
0 0.7790570175438596 0.7206688596491228 0.23428362573099415 0.14967105263157893
1 0.8583698830409356 0.6744791666666666 0.06103801169590643 0.059484649122807015
1 0.3298611111111111 0.12390350877192982 0.048611111111111105 0.05482456140350877
