0 0.40021929824561403 0.07154605263157894 0.6622807017543859 0.038377192982456135
1 0.3680555555555555 0.01781798245614035 0.43421052631578944 0.020833333333333332
0 0.4126461988304093 0.10553728070175437 0.7339181286549707 0.01206140350877193
0 0.09685672514619882 0.46408991228070173 0.14912280701754385 0.6589912280701754
0 0.48282163742690054 0.5063048245614035 0.6374269005847952 0.16885964912280702
0 0.4820906432748538 0.7223135964912281 0.6242690058479532 0.1557017543859649
0 0.4755116959064327 0.6263706140350876 0.5409356725146198 0.03618421052631579
0 0.8826754385964912 0.4207785087719298 0.16812865497076024 0.7543859649122806
1 0.48428362573099415 0.8922697368421052 0.9385964912280701 0.1907894736842105
0 0.5332602339181286 0.8429276315789473 0.7850877192982456 0.07675438596491227
