0 0.4471856725146199 0.12116228070175437 0.6516812865497076 0.02631578947368421
0 0.2459795321637427 0.1484375 0.23757309941520466 0.019462719298245612
0 0.25127923976608185 0.17310855263157893 0.24817251461988302 0.016173245614035086
0 0.450109649122807 0.24890350877192982 0.6611842105263157 0.0400219298245614
0 0.24232456140350875 0.403234649122807 0.26023391812865493 0.02412280701754386
0 0.24141081871345027 0.4299616228070175 0.26206140350877194 0.020559210526315787
0 0.37171052631578944 0.47574013157894735 0.5314327485380117 0.022752192982456138
0 0.37171052631578944 0.5471491228070176 0.5409356725146198 0.019188596491228067
0 0.45157163742690054 0.6487116228070176 0.6882309941520467 0.09018640350877193
3 0.5559210526315789 0.20271381578947367 0.4612573099415204 0.04577850877192982
3 0.5910087719298245 0.4569627192982456 0.4064327485380117 0.02631578947368421
3 0.5573830409356725 0.5139802631578947 0.4583333333333333 0.044407894736842105
3 0.549890350877193 0.5801809210526315 0.4857456140350877 0.03755482456140351
3 0.5201023391812866 0.7161458333333333 0.5635964912280701 0.0424890350877193
1 0.49798976608187134 0.32839912280701755 0.5222953216374269 0.11896929824561403
1 0.44261695906432746 0.8241502192982456 0.6973684210526315 0.1669407894736842
