0 0.0712719298245614 0.04742324561403508 0.059941520467836254 0.01644736842105263
0 0.4762426900584795 0.04029605263157895 0.3640350877192982 0.017543859649122806
0 0.9046052631578947 0.03755482456140351 0.033625730994152045 0.01644736842105263
0 0.26133040935672514 0.5123355263157895 0.43128654970760233 0.8739035087719298
0 0.7123538011695906 0.22121710526315788 0.42397660818713445 0.3048245614035088
0 0.5434941520467836 0.4043311403508772 0.07456140350877193 0.019736842105263157
0 0.7759502923976608 0.4701206140350877 0.3055555555555555 0.11184210526315788
0 0.7737573099415205 0.6011513157894737 0.2982456140350877 0.09100877192982455
0 0.7766812865497076 0.7393092105263157 0.30409356725146197 0.09320175438596491
0 0.775219298245614 0.8851425438596491 0.30409356725146197 0.11074561403508772
1 0.5566520467836257 0.4734100877192982 0.10964912280701754 0.10964912280701754
1 0.5581140350877193 0.609375 0.1067251461988304 0.11184210526315788
1 0.5595760233918128 0.7497258771929824 0.10964912280701754 0.1074561403508772
1 0.5617690058479532 0.884594298245614 0.10818713450292397 0.10526315789473684
