0 0.4844663742690058 0.16173245614035087 0.741593567251462 0.1370614035087719
0 0.489766081871345 0.37417763157894735 0.7858187134502923 0.2741228070175438
0 0.4820906432748538 0.5825109649122807 0.8223684210526315 0.09703947368421052
0 0.4859283625730994 0.8977521929824561 0.8176169590643274 0.0537280701754386
3 0.31067251461988304 0.0800438596491228 0.33040935672514615 0.02850877192982456
3 0.4851973684210526 0.5202850877192983 0.4784356725146199 0.025219298245614034
1 0.4859283625730994 0.748766447368421 0.45211988304093564 0.22615131578947367
0 0.9404239766081871 0.8342927631578947 0.0577485380116959 0.03426535087719298
0 0.9396929824561403 0.8915844298245613 0.038011695906432746 0.059484649122807015
0 0.8439327485380117 0.9507949561403508 0.16593567251461988 0.020559210526315787
