0 0.47697368421052627 0.02987938596491228 0.2880116959064327 0.03179824561403509
0 0.8241959064327485 0.022752192982456138 0.04678362573099415 0.019736842105263157
0 0.48793859649122806 0.0825109649122807 0.8157894736842105 0.05592105263157894
0 0.28691520467836257 0.11595394736842105 0.34941520467836257 0.017543859649122806
3 0.47404970760233917 0.1493969298245614 0.25 0.042763157894736836
0 0.2006578947368421 0.19325657894736842 0.2587719298245614 0.049342105263157895
3 0.4820906432748538 0.2387609649122807 0.3333333333333333 0.039473684210526314
0 0.11805555555555555 0.27055921052631576 0.08771929824561403 0.019736842105263157
3 0.48282163742690054 0.28536184210526316 0.46929824561403505 0.03399122807017543
0 0.3432017543859649 0.31551535087719296 0.4619883040935672 0.021929824561403508
1 0.48428362573099415 0.40542763157894735 0.5570175438596491 0.16228070175438597
0 0.481359649122807 0.5041118421052632 0.2704678362573099 0.021929824561403508
0 0.48282163742690054 0.553453947368421 0.43128654970760233 0.02850877192982456
0 0.25109649122807015 0.6148574561403508 0.3713450292397661 0.02631578947368421
0 0.3885233918128655 0.6543311403508771 0.5643274853801169 0.02850877192982456
3 0.48355263157894735 0.6910635964912281 0.26900584795321636 0.042763157894736836
0 0.48793859649122806 0.7497258771929824 0.8479532163742689 0.07675438596491227
3 0.4850146198830409 0.8368969298245613 0.45321637426900585 0.08442982456140351
0 0.4923245614035087 0.9268092105263157 0.8684210526315789 0.09758771929824561
