0 0.47331871345029236 0.04797149122807017 0.29532163742690054 0.021929824561403508
0 0.829312865497076 0.03865131578947368 0.03070175438596491 0.01864035087719298
0 0.36878654970760233 0.08744517543859649 0.513157894736842 0.021929824561403508
1 0.4850146198830409 0.23273026315789472 0.5029239766081871 0.2664473684210526
0 0.47916666666666663 0.39610745614035087 0.23684210526315788 0.020833333333333332
0 0.4857456140350877 0.4427083333333333 0.8260233918128654 0.07017543859649122
0 0.481359649122807 0.5139802631578947 0.4371345029239766 0.021929824561403508
0 0.2986111111111111 0.5731907894736842 0.44883040935672514 0.019736842105263157
0 0.4155701754385965 0.6082785087719298 0.6067251461988303 0.019736842105263157
0 0.48793859649122806 0.8089364035087719 0.2777777777777778 0.017543859649122806
0 0.4930555555555555 0.8462171052631579 0.837719298245614 0.041666666666666664
0 0.5018274853801169 0.9081688596491228 0.7850877192982456 0.01864035087719298
0 0.20285087719298245 0.9794407894736842 0.26900584795321636 0.020833333333333332
1 0.48793859649122806 0.703125 0.43859649122807015 0.16776315789473684
3 0.4930555555555555 0.8834978070175438 0.33479532163742687 0.021929824561403508
3 0.4923245614035087 0.9465460526315789 0.45321637426900585 0.038377192982456135
