0 0.49744152046783624 0.023848684210526314 0.08771929824561403 0.02850877192982456
0 0.43530701754385964 0.1768092105263158 0.7412280701754386 0.2664473684210526
0 0.2744883040935672 0.34402412280701755 0.43128654970760233 0.05701754385964912
0 0.19407894736842105 0.4120065789473684 0.2763157894736842 0.07894736842105263
0 0.19042397660818713 0.6203399122807017 0.29239766081871343 0.31798245614035087
0 0.4148391812865497 0.4734100877192982 0.14473684210526316 0.20833333333333331
0 0.6524122807017544 0.4487390350877193 0.30994152046783624 0.2664473684210526
1 0.5288742690058479 0.6861293859649122 0.37573099415204675 0.19736842105263158
0 0.7598684210526315 0.7064144736842105 0.0891812865497076 0.15460526315789472
0 0.8987573099415204 0.5139802631578947 0.15350877192982454 0.956140350877193
0 0.41703216374269003 0.890625 0.7573099415204678 0.2006578947368421
