0 0.5069444444444444 0.015625 0.07748538011695906 0.025219298245614034
0 0.3614766081871345 0.059484649122807015 0.5555555555555556 0.03179824561403509
0 0.3636695906432748 0.1669407894736842 0.5862573099415205 0.1787280701754386
0 0.7372076023391813 0.14336622807017543 0.15204678362573099 0.22807017543859648
0 0.9046052631578947 0.12966008771929824 0.1564327485380117 0.1918859649122807
0 0.9089912280701754 0.34731359649122806 0.1564327485380117 0.24122807017543857
0 0.9163011695906432 0.6219846491228069 0.15058479532163743 0.29276315789473684
0 0.9141081871345029 0.8462171052631579 0.14327485380116958 0.1513157894736842
0 0.4323830409356725 0.3100328947368421 0.7207602339181286 0.05263157894736842
0 0.4309210526315789 0.27768640350877194 0.42543859649122806 0.03618421052631579
0 0.2839912280701754 0.42297149122807015 0.435672514619883 0.1907894736842105
0 0.6641081871345029 0.4103618421052631 0.30116959064327486 0.15679824561403508
0 0.2774122807017544 0.5512609649122807 0.43128654970760233 0.03289473684210526
0 0.28179824561403505 0.6493969298245613 0.4576023391812865 0.15679824561403508
0 0.34904970760233917 0.7606907894736842 0.5891812865497076 0.043859649122807015
0 0.35197368421052627 0.8840460526315789 0.6213450292397661 0.1962719298245614
0 0.7430555555555555 0.8571820175438596 0.15497076023391812 0.24342105263157893
0 0.9046052631578947 0.9487390350877193 0.15350877192982454 0.06030701754385964
1 0.6684941520467836 0.6137609649122807 0.3157894736842105 0.23903508771929824
