0 0.4674707602339181 0.04194078947368421 0.2777777777777778 0.023026315789473683
0 0.8234649122807017 0.03426535087719298 0.024853801169590642 0.01425438596491228
0 0.47404970760233917 0.14830043859649122 0.8289473684210525 0.16557017543859648
3 0.4725877192982456 0.2546600877192982 0.2880116959064327 0.042763157894736836
0 0.8519736842105262 0.25027412280701755 0.06432748538011696 0.01644736842105263
0 0.1736111111111111 0.2930372807017544 0.15204678362573099 0.01864035087719298
0 0.4755116959064327 0.3977521929824561 0.8435672514619883 0.09429824561403508
3 0.4674707602339181 0.32867324561403505 0.4122807017543859 0.04824561403508772
0 0.8570906432748537 0.32593201754385964 0.07456140350877193 0.025219298245614034
3 0.47331871345029236 0.46792763157894735 0.391812865497076 0.039473684210526314
0 0.8578216374269005 0.45805921052631576 0.07309941520467836 0.019736842105263157
0 0.4762426900584795 0.5550986842105263 0.8479532163742689 0.13048245614035087
3 0.4755116959064327 0.6504934210526315 0.2850877192982456 0.049342105263157895
0 0.0625 0.6910635964912281 0.029239766081871343 0.020833333333333332
3 0.4806286549707602 0.7212171052631579 0.2309941520467836 0.03728070175438596
0 0.873172514619883 0.7168311403508771 0.06871345029239766 0.019736842105263157
0 0.8768274853801169 0.790844298245614 0.07017543859649122 0.01644736842105263
0 0.8775584795321637 0.8604714912280701 0.06871345029239766 0.021929824561403508
0 0.18969298245614033 0.7568530701754386 0.20175438596491227 0.025219298245614034
0 0.32711988304093564 0.828125 0.4678362573099415 0.023026315789473683
0 0.34904970760233917 0.9021381578947368 0.5146198830409356 0.02631578947368421
3 0.4777046783625731 0.790844298245614 0.23391812865497075 0.044956140350877194
3 0.47697368421052627 0.8626644736842105 0.3289473684210526 0.043859649122807015
3 0.4756944444444444 0.9580592105263157 0.18311403508771928 0.08333333333333333
