0 0.3980263157894737 0.04906798245614035 0.5906432748538011 0.043859649122807015
0 0.08954678362573099 0.1576206140350877 0.1023391812865497 0.039473684210526314
0 0.08662280701754385 0.5956688596491228 0.10526315789473684 0.7949561403508771
1 0.27814327485380114 0.15158991228070173 0.195906432748538 0.1370614035087719
0 0.23647660818713448 0.30893640350877194 0.15058479532163743 0.16228070175438597
0 0.4682017543859649 0.2387609649122807 0.3070175438596491 0.31359649122807015
1 0.700657894736842 0.13952850877192982 0.13742690058479531 0.12609649122807018
0 0.7050438596491228 0.3270285087719298 0.15789473684210525 0.23355263157894735
1 0.3073830409356725 0.4975328947368421 0.30409356725146197 0.1513157894736842
0 0.23720760233918128 0.7859100877192982 0.15497076023391812 0.418859649122807
0 0.3921783625730994 0.7113486842105263 0.1608187134502924 0.2741228070175438
0 0.5464181286549707 0.6373355263157895 0.16228070175438597 0.42872807017543857
0 0.7167397660818713 0.6455592105263157 0.1608187134502924 0.40350877192982454
0 0.8753654970760233 0.43009868421052627 0.1769005847953216 0.6414473684210525
1 0.8548976608187134 0.057839912280701754 0.16812865497076024 0.09868421052631579
1 0.8848684210526315 0.8029057017543859 0.12573099415204678 0.08881578947368421
0 0.5493421052631579 0.8928179824561403 0.3114035087719298 0.027412280701754384
0 0.5603070175438596 0.9514802631578947 0.4649122807017544 0.07894736842105263
0 0.8790204678362573 0.9251644736842105 0.15497076023391812 0.13157894736842105
