0 0.5063961988304093 0.11074561403508772 0.700657894736842 0.0400219298245614
0 0.506578947368421 0.3386787280701754 0.7463450292397661 0.12088815789473684
0 0.527046783625731 0.5790844298245613 0.7353801169590642 0.023848684210526314
0 0.5078581871345029 0.8400493421052632 0.8132309941520467 0.14830043859649122
0 0.9557748538011696 0.8344298245614035 0.04239766081871345 0.018092105263157895
0 0.9619883040935672 0.8856907894736842 0.03654970760233918 0.05701754385964912
0 0.8636695906432748 0.942845394736842 0.1600877192982456 0.018366228070175437
1 0.5080409356725146 0.20271381578947367 0.4539473684210526 0.13459429824561403
1 0.4996345029239766 0.4808114035087719 0.5007309941520468 0.15405701754385964
1 0.5080409356725146 0.6768092105263157 0.5146198830409356 0.16228070175438597
