0 0.15899122807017543 0.03207236842105263 0.029239766081871343 0.01864035087719298
0 0.5259502923976608 0.02768640350877193 0.1286549707602339 0.023026315789473683
0 0.514985380116959 0.08086622807017543 0.8318713450292398 0.04824561403508772
0 0.5222953216374269 0.13898026315789472 0.533625730994152 0.02412280701754386
0 0.5222953216374269 0.24862938596491227 0.8230994152046783 0.14473684210526316
0 0.2218567251461988 0.3352521929824561 0.14327485380116958 0.019736842105263157
0 0.5361842105263157 0.4832785087719298 0.8479532163742689 0.2675438596491228
3 0.5274122807017544 0.6384320175438596 0.5204678362573099 0.049342105263157895
0 0.5296052631578947 0.6757127192982456 0.7763157894736842 0.025219298245614034
1 0.5376461988304093 0.8275767543859649 0.4766081871345029 0.2741228070175438
0 0.5230263157894737 0.9832785087719298 0.27485380116959063 0.017543859649122806
