1 0.46527777777777773 0.23656798245614033 0.7119883040935672 0.3640350877192982
0 0.45285087719298245 0.4350328947368421 0.3508771929824561 0.021929824561403508
0 0.46016081871345027 0.4734100877192982 0.827485380116959 0.046052631578947366
0 0.4586988304093567 0.02713815789473684 0.2807017543859649 0.021929824561403508
0 0.8125 0.02549342105263158 0.02046783625730994 0.01425438596491228
0 0.319078947368421 0.546875 0.5570175438596491 0.02631578947368421
0 0.37975146198830406 0.6154057017543859 0.6783625730994152 0.023026315789473683
0 0.47039473684210525 0.828673245614035 0.8625730994152047 0.3070175438596491
3 0.4535818713450292 0.5145285087719298 0.16812865497076024 0.03618421052631579
3 0.4535818713450292 0.5814144736842105 0.3435672514619883 0.03399122807017543
3 0.46235380116959063 0.6493969298245613 0.4722222222222222 0.04057017543859649
