0 0.48793859649122806 0.03426535087719298 0.29239766081871343 0.03179824561403509
0 0.8519736842105262 0.031524122807017545 0.04093567251461988 0.02412280701754386
0 0.4959795321637427 0.26781798245614036 0.8523391812865496 0.0537280701754386
0 0.48647660818713445 0.23492324561403508 0.29239766081871343 0.01864035087719298
0 0.48647660818713445 0.4871162280701754 0.2777777777777778 0.023026315789473683
0 0.3263888888888889 0.5178179824561403 0.43128654970760233 0.023026315789473683
0 0.09685672514619882 0.5863486842105263 0.054093567251461985 0.021929824561403508
0 0.09466374269005848 0.6373355263157895 0.05263157894736842 0.025219298245614034
0 0.15021929824561403 0.685032894736842 0.15204678362573099 0.021929824561403508
0 0.19846491228070173 0.7541118421052632 0.24561403508771928 0.019736842105263157
0 0.1509502923976608 0.8204495614035088 0.15350877192982454 0.025219298245614034
0 0.49378654970760233 0.9114583333333333 0.8245614035087718 0.07346491228070175
0 0.8673245614035088 0.9695723684210525 0.07163742690058479 0.03179824561403509
1 0.4886695906432748 0.14117324561403508 0.42543859649122806 0.1513157894736842
1 0.4894005847953216 0.38459429824561403 0.21052631578947367 0.1600877192982456
3 0.48647660818713445 0.5529057017543859 0.43859649122807015 0.04057017543859649
3 0.48647660818713445 0.6082785087719298 0.3333333333333333 0.03508771929824561
3 0.4894005847953216 0.6614583333333333 0.08187134502923976 0.029605263157894735
3 0.48355263157894735 0.7184758771929824 0.1783625730994152 0.042763157894736836
3 0.4886695906432748 0.7886513157894737 0.5190058479532164 0.042763157894736836
3 0.48282163742690054 0.853344298245614 0.29970760233918126 0.044956140350877194
3 0.481359649122807 0.9651864035087718 0.19444444444444442 0.04714912280701754
