1 0.17214912280701752 0.051809210526315784 0.1388888888888889 0.09320175438596491
0 0.1611842105263158 0.1455592105263158 0.1286549707602339 0.046052631578947366
0 0.15752923976608185 0.39501096491228066 0.14473684210526316 0.4462719298245614
0 0.14290935672514618 0.6570723684210525 0.15058479532163743 0.04714912280701754
0 0.1421783625730994 0.8363486842105262 0.16374269005847952 0.2741228070175438
0 0.6275584795321637 0.057839912280701754 0.6695906432748537 0.06140350877192982
1 0.31396198830409355 0.13020833333333331 0.10380116959064327 0.06140350877192982
1 0.3300438596491228 0.6367872807017544 0.1067251461988304 0.05482456140350877
1 0.7708333333333333 0.32867324561403505 0.11988304093567251 0.06798245614035087
0 0.3220029239766082 0.3489583333333333 0.13742690058479531 0.37171052631578944
0 0.5493421052631579 0.3182565789473684 0.293859649122807 0.4375
0 0.829312865497076 0.1455592105263158 0.2573099415204678 0.09868421052631579
0 0.8432017543859649 0.2557565789473684 0.22368421052631576 0.04057017543859649
0 0.775219298245614 0.5512609649122807 0.14619883040935672 0.3640350877192982
0 0.9111842105263157 0.5079495614035088 0.11403508771929824 0.444078947368421
0 0.4630847953216374 0.5863486842105263 0.3845029239766082 0.03728070175438596
0 0.4608918128654971 0.8248355263157894 0.435672514619883 0.3015350877192982
0 0.5230263157894737 0.6378837719298245 0.2324561403508772 0.04824561403508772
0 0.8417397660818713 0.7952302631578947 0.22660818713450293 0.06469298245614034
0 0.8262061403508771 0.9163925438596491 0.2744883040935672 0.16666666666666666
