0 0.5339912280701754 0.02933114035087719 0.14619883040935672 0.03508771929824561
0 0.5339912280701754 0.10773026315789473 0.6900584795321637 0.0756578947368421
1 0.5142543859649122 0.1669407894736842 0.861111111111111 0.24890350877192982
0 0.14510233918128654 0.3681469298245614 0.14619883040935672 0.14912280701754385
0 0.37609649122807015 0.3977521929824561 0.30116959064327486 0.09210526315789473
0 0.5310672514619883 0.3204495614035088 0.5497076023391813 0.06030701754385964
0 0.6048976608187134 0.522203947368421 0.1388888888888889 0.32785087719298245
0 0.6056286549707602 0.6959978070175438 0.11988304093567251 0.010964912280701754
0 0.6034356725146198 0.7458881578947368 0.1388888888888889 0.07785087719298245
0 0.7598684210526315 0.4915021929824561 0.1564327485380117 0.26425438596491224
1 0.900219298245614 0.4624451754385965 0.11257309941520467 0.3333333333333333
0 0.2934941520467836 0.7135416666666666 0.4576023391812865 0.1513157894736842
0 0.8212719298245613 0.7135416666666666 0.26169590643274854 0.15789473684210525
1 0.5047514619883041 0.884594298245614 0.8771929824561403 0.17763157894736842
1 0.29714912280701755 0.5381030701754386 0.45614035087719296 0.19298245614035087
