0 0.4886695906432748 0.031524122807017545 0.2880116959064327 0.02631578947368421
0 0.8424707602339181 0.022752192982456138 0.024853801169590642 0.019736842105263157
3 0.4820906432748538 0.07757675438596491 0.5146198830409356 0.041666666666666664
0 0.3475877192982456 0.12143640350877193 0.5438596491228069 0.041666666666666664
0 0.48720760233918126 0.15487938596491227 0.3084795321637427 0.023026315789473683
2 0.4901315789473684 0.3319627192982456 0.7149122807017544 0.3421052631578947
0 0.23355263157894735 0.5331688596491228 0.3421052631578947 0.020833333333333332
0 0.4923245614035087 0.690515350877193 0.8567251461988303 0.2675438596491228
3 0.4850146198830409 0.8478618421052632 0.18421052631578946 0.044956140350877194
0 0.889985380116959 0.8478618421052632 0.07602339181286549 0.020833333333333332
0 0.4923245614035087 0.9087171052631579 0.8771929824561403 0.07236842105263158
3 0.4901315789473684 0.9723135964912281 0.6739766081871345 0.043859649122807015
