0 0.13633040935672514 0.05071271929824561 0.043859649122807015 0.01644736842105263
0 0.5529970760233918 0.0381030701754386 0.22514619883040934 0.021929824561403508
0 0.9265350877192982 0.04303728070175438 0.04824561403508772 0.03179824561403509
1 0.31688596491228066 0.18119517543859648 0.31725146198830406 0.17653508771929824
0 0.319078947368421 0.31167763157894735 0.3830409356725146 0.05153508771929824
0 0.7503654970760234 0.12472587719298245 0.4005847953216374 0.125
0 0.6765350877192982 0.20148026315789472 0.24707602339181284 0.015350877192982455
0 0.7540204678362573 0.2733004385964912 0.3961988304093567 0.11951754385964912
0 0.5449561403508771 0.36979166666666663 0.2733918128654971 0.01425438596491228
0 0.5464181286549707 0.38733552631578944 0.5511695906432749 0.01644736842105263
2 0.5361842105263157 0.4794407894736842 0.8114035087719298 0.17434210526315788
0 0.33077485380116955 0.7815241228070176 0.40350877192982454 0.39035087719298245
0 0.7554824561403508 0.6636513157894737 0.39035087719298245 0.16337719298245612
1 0.7635233918128654 0.8549890350877193 0.30994152046783624 0.18859649122807015
0 0.7642543859649122 0.9734100877192982 0.06286549707602339 0.017543859649122806
