0 0.1282894736842105 0.019462719298245612 0.04239766081871345 0.017543859649122806
0 0.5529970760233918 0.010279605263157894 0.2222222222222222 0.020559210526315787
0 0.9250730994152047 0.016721491228070175 0.054093567251461985 0.029605263157894735
0 0.3088450292397661 0.08525219298245613 0.41812865497076024 0.08552631578947367
0 0.748172514619883 0.08141447368421052 0.3991228070175438 0.09539473684210525
1 0.5339912280701754 0.21354166666666666 0.8099415204678362 0.14912280701754385
0 0.5391081871345029 0.3182565789473684 0.2324561403508772 0.04057017543859649
0 0.31469298245614036 0.3802083333333333 0.33040935672514615 0.03508771929824561
2 0.31469298245614036 0.5644188596491228 0.40350877192982454 0.3289473684210526
0 0.3220029239766082 0.8566337719298245 0.4064327485380117 0.22478070175438594
0 0.7459795321637427 0.3900767543859649 0.39766081871345027 0.06578947368421052
3 0.7605994152046783 0.43229166666666663 0.22807017543859648 0.023026315789473683
0 0.7715643274853801 0.47176535087719296 0.12134502923976608 0.01864035087719298
1 0.764985380116959 0.591282894736842 0.27485380116959063 0.2225877192982456
0 0.7591374269005847 0.7634320175438596 0.38011695906432746 0.08223684210526315
0 0.7540204678362573 0.8511513157894737 0.3991228070175438 0.06469298245614034
3 0.7598684210526315 0.9048793859649122 0.381578947368421 0.04057017543859649
0 0.7598684210526315 0.953125 0.40789473684210525 0.05153508771929824
