0 0.17945906432748537 0.0381030701754386 0.023391812865497075 0.013157894736842105
0 0.5405701754385964 0.02933114035087719 0.2046783625730994 0.021929824561403508
3 0.5383771929824561 0.07976973684210525 0.12426900584795321 0.043859649122807015
0 0.32346491228070173 0.11924342105263157 0.31725146198830406 0.015350877192982455
3 0.5405701754385964 0.14775219298245612 0.24269005847953215 0.03508771929824561
0 0.9060672514619883 0.14994517543859648 0.05263157894736842 0.03289473684210526
0 0.5274122807017544 0.2162828947368421 0.8128654970760234 0.09758771929824561
0 0.2320906432748538 0.3177083333333333 0.13157894736842105 0.02631578947368421
0 0.5325292397660818 0.3944627192982456 0.8143274853801169 0.043859649122807015
0 0.9133771929824561 0.28426535087719296 0.04093567251461988 0.020833333333333332
0 0.9155701754385964 0.3456688596491228 0.05701754385964912 0.025219298245614034
0 0.5427631578947368 0.6866776315789473 0.8494152046783625 0.48355263157894735
3 0.54203216374269 0.428453947368421 0.20760233918128654 0.021929824561403508
0 0.9192251461988303 0.4257127192982456 0.05847953216374269 0.023026315789473683
0 0.9389619883040935 0.9503837719298245 0.07163742690058479 0.02412280701754386
0 0.5698099415204678 0.984923245614035 0.8187134502923976 0.025219298245614034
3 0.5413011695906432 0.28097587719298245 0.3260233918128655 0.038377192982456135
3 0.5398391812865497 0.34786184210526316 0.3874269005847953 0.03179824561403509
3 0.5427631578947368 0.9498355263157894 0.20906432748538012 0.03618421052631579
