0 0.13121345029239764 0.054550438596491224 0.06286549707602339 0.017543859649122806
0 0.5098684210526315 0.04797149122807017 0.46637426900584794 0.017543859649122806
0 0.3117690058479532 0.17845394736842105 0.40350877192982454 0.20175438596491227
0 0.31323099415204675 0.31222587719298245 0.391812865497076 0.04824561403508772
0 0.31834795321637427 0.40213815789473684 0.3874269005847953 0.09868421052631579
0 0.17288011695906433 0.46737938596491224 0.10526315789473684 0.01864035087719298
0 0.3249269005847953 0.5024671052631579 0.391812865497076 0.0625
1 0.5391081871345029 0.6362390350877193 0.6885964912280701 0.1918859649122807
0 0.5442251461988303 0.7541118421052632 0.30994152046783624 0.03508771929824561
0 0.20211988304093567 0.8133223684210525 0.12573099415204678 0.019736842105263157
0 0.339546783625731 0.8895285087719298 0.39473684210526316 0.13925438596491227
0 0.7298976608187134 0.12746710526315788 0.39766081871345027 0.11732456140350876
0 0.7335526315789473 0.2151864035087719 0.3845029239766082 0.0581140350877193
3 0.7335526315789473 0.2584978070175438 0.1593567251461988 0.019736842105263157
0 0.7342836257309941 0.2820723684210526 0.38596491228070173 0.04057017543859649
3 0.7364766081871345 0.3144188596491228 0.31725146198830406 0.021929824561403508
0 0.7386695906432749 0.3549890350877193 0.38888888888888884 0.06140350877192982
0 0.7423245614035088 0.45422149122807015 0.39327485380116955 0.1370614035087719
0 0.7671783625730993 0.8675986842105262 0.3991228070175438 0.15899122807017543
