0 0.4894005847953216 0.018914473684210526 0.28654970760233917 0.03179824561403509
0 0.846125730994152 0.011787280701754384 0.043859649122807015 0.019736842105263157
0 0.4901315789473684 0.07044956140350876 0.8435672514619883 0.0581140350877193
0 0.17214912280701752 0.109375 0.1286549707602339 0.02412280701754386
0 0.5010964912280701 0.1455592105263158 0.8421052631578947 0.05482456140350877
3 0.49159356725146197 0.19216008771929824 0.6213450292397661 0.044956140350877194
0 0.8775584795321637 0.18229166666666666 0.07748538011695906 0.029605263157894735
0 0.30957602339181284 0.2250548245614035 0.4122807017543859 0.027412280701754384
0 0.1684941520467836 0.24808114035087717 0.12719298245614036 0.020833333333333332
0 0.49378654970760233 0.2864583333333333 0.8654970760233918 0.049342105263157895
3 0.4945175438596491 0.33031798245614036 0.5921052631578947 0.042763157894736836
0 0.8782894736842105 0.3270285087719298 0.08771929824561403 0.027412280701754384
0 0.339546783625731 0.3681469298245614 0.46929824561403505 0.03070175438596491
0 0.1684941520467836 0.39172149122807015 0.13596491228070173 0.025219298245614034
0 0.49671052631578944 0.4668311403508772 0.8508771929824561 0.12061403508771928
1 0.49378654970760233 0.6768092105263157 0.7222222222222222 0.30372807017543857
0 0.49671052631578944 0.8462171052631579 0.26900584795321636 0.02850877192982456
0 0.27521929824561403 0.8708881578947368 0.34941520467836257 0.025219298245614034
3 0.4901315789473684 0.8983004385964912 0.7850877192982456 0.03399122807017543
0 0.08662280701754385 0.9235197368421052 0.06286549707602339 0.025219298245614034
0 0.09831871345029239 0.9706688596491228 0.0804093567251462 0.025219298245614034
3 0.4930555555555555 0.947094298245614 0.35526315789473684 0.03070175438596491
