0 0.4894005847953216 0.022203947368421052 0.09210526315789473 0.020833333333333332
0 0.42799707602339176 0.09731359649122806 0.6301169590643274 0.08771929824561403
1 0.2218567251461988 0.328125 0.3260233918128655 0.3388157894736842
0 0.1918859649122807 0.6395285087719298 0.2807017543859649 0.2598684210526316
1 0.18530701754385964 0.8544407894736842 0.2909356725146199 0.1524122807017544
0 0.18165204678362573 0.9679276315789473 0.29532163742690054 0.04824561403508772
0 0.5676169590643274 0.8867872807017544 0.4678362573099415 0.21710526315789472
0 0.4141081871345029 0.44983552631578944 0.14327485380116958 0.5997807017543859
0 0.643640350877193 0.36759868421052627 0.30994152046783624 0.4616228070175438
1 0.6472953216374269 0.6768092105263157 0.31725146198830406 0.16557017543859648
1 0.8753654970760233 0.07867324561403509 0.13596491228070173 0.07017543859649122
0 0.889985380116959 0.3577302631578947 0.14473684210526316 0.3826754385964912
0 0.8877923976608186 0.7705592105263157 0.13157894736842105 0.39035087719298245
