0 0.5148026315789473 0.1147203947368421 0.650219298245614 0.020559210526315787
0 0.5155336257309941 0.17941337719298245 0.6641081871345029 0.10169956140350876
0 0.34521198830409355 0.25301535087719296 0.3198099415204678 0.018092105263157895
0 0.5148026315789473 0.28385416666666663 0.6655701754385964 0.03207236842105263
3 0.6251827485380117 0.3226425438596491 0.46600877192982454 0.029605263157894735
0 0.5202850877192983 0.36156798245614036 0.700657894736842 0.05043859649122807
3 0.6458333333333333 0.4095394736842105 0.45248538011695905 0.029605263157894735
0 0.30610380116959063 0.4311951754385965 0.2664473684210526 0.027412280701754384
3 0.6496710526315789 0.4649122807017544 0.43530701754385964 0.03070175438596491
0 0.2408625730994152 0.48834978070175433 0.1293859649122807 0.020559210526315787
3 0.661001461988304 0.518640350877193 0.42799707602339176 0.02850877192982456
0 0.4950657894736842 0.5448190789473684 0.6560672514619883 0.021655701754385963
3 0.6345029239766081 0.5711348684210527 0.4751461988304093 0.03536184210526316
0 0.521016081871345 0.6110197368421052 0.7174707602339181 0.0400219298245614
1 0.5224780701754386 0.759594298245614 0.5829678362573099 0.25
