1 0.2949561403508772 0.06551535087719298 0.3640350877192982 0.1074561403508772
0 0.28252923976608185 0.12911184210526316 0.27192982456140347 0.019736842105263157
0 0.7298976608187134 0.028782894736842105 0.42105263157894735 0.042763157894736836
0 0.7335526315789473 0.062225877192982455 0.3698830409356725 0.03289473684210526
0 0.5785818713450293 0.11211622807017543 0.14766081871345027 0.0581140350877193
0 0.8132309941520467 0.16365131578947367 0.3157894736842105 0.16776315789473684
0 0.35928362573099415 0.19216008771929824 0.5628654970760234 0.042763157894736836
0 0.3527046783625731 0.23327850877192982 0.48245614035087714 0.043859649122807015
0 0.3607456140350877 0.309484649122807 0.5745614035087719 0.11074561403508772
0 0.12682748538011696 0.4257127192982456 0.1154970760233918 0.09758771929824561
0 0.12390350877192982 0.5167214912280701 0.12134502923976608 0.06469298245614034
0 0.11001461988304093 0.7299890350877193 0.11988304093567251 0.3201754385964912
1 0.10416666666666666 0.9322916666666666 0.1286549707602339 0.07346491228070175
1 0.42141812865497075 0.4882127192982456 0.4502923976608187 0.23135964912280702
0 0.8103070175438596 0.27604166666666663 0.2982456140350877 0.039473684210526314
0 0.802266081871345 0.3045504385964912 0.23830409356725146 0.019736842105263157
0 0.8132309941520467 0.3692434210526316 0.3070175438596491 0.1074561403508772
0 0.8117690058479532 0.4695723684210526 0.23976608187134502 0.0537280701754386
0 0.7269736842105263 0.5523574561403508 0.15204678362573099 0.10964912280701754
0 0.889985380116959 0.6707785087719298 0.16228070175438597 0.3421052631578947
0 0.4989035087719298 0.640625 0.5730994152046783 0.049342105263157895
0 0.48793859649122806 0.6822916666666666 0.5745614035087719 0.0581140350877193
1 0.2576754385964912 0.7354714912280701 0.12573099415204678 0.046052631578947366
0 0.26059941520467833 0.8610197368421052 0.14912280701754385 0.20285087719298245
0 0.4133771929824561 0.8374451754385964 0.1564327485380117 0.25219298245614036
0 0.6509502923976608 0.778782894736842 0.3128654970760234 0.13048245614035087
0 0.6524122807017544 0.8708881578947368 0.2222222222222222 0.03618421052631579
0 0.6524122807017544 0.9251644736842105 0.30994152046783624 0.07456140350877193
0 0.8804824561403508 0.909265350877193 0.15497076023391812 0.11293859649122806
