0 0.43951023391812866 0.13939144736842105 0.6151315789473684 0.021655701754385963
0 0.4364035087719298 0.17927631578947367 0.6184210526315789 0.044407894736842105
0 0.4325657894736842 0.2353344298245614 0.6136695906432749 0.021655701754385963
0 0.23008040935672514 0.6071820175438596 0.22404970760233917 0.025219298245614034
0 0.44188596491228066 0.6373355263157895 0.6564327485380117 0.03289473684210526
0 0.41136695906432746 0.7184758771929824 0.616593567251462 0.016995614035087717
0 0.1471125730994152 0.7702850877192982 0.07638888888888888 0.013706140350877192
0 0.2596856725146199 0.838952850877193 0.3044590643274854 0.020559210526315787
0 0.34192251461988304 0.8876096491228069 0.4630847953216374 0.014802631578947368
3 0.5484283625730993 0.21258223684210525 0.4097222222222222 0.019462719298245612
3 0.5323464912280701 0.6831140350877193 0.4901315789473684 0.042214912280701754
3 0.5575657894736842 0.745202850877193 0.45211988304093564 0.03426535087719298
3 0.5208333333333333 0.8024945175438596 0.5497076023391813 0.04797149122807017
3 0.5621345029239766 0.8629385964912281 0.47368421052631576 0.018092105263157895
1 0.44554093567251457 0.41461074561403505 0.6637426900584795 0.334703947368421
