0 0.48355263157894735 0.04029605263157895 0.195906432748538 0.021929824561403508
0 0.133406432748538 0.04742324561403508 0.04239766081871345 0.01864035087719298
0 0.4989035087719298 0.09457236842105263 0.8230994152046783 0.08881578947368421
0 0.46527777777777773 0.1757127192982456 0.7032163742690059 0.07346491228070175
0 0.1736111111111111 0.26398026315789475 0.19298245614035087 0.02412280701754386
0 0.14875730994152045 0.32538377192982454 0.14619883040935672 0.02631578947368421
0 0.49378654970760233 0.4202302631578947 0.8391812865497076 0.06907894736842105
0 0.8717105263157894 0.4662828947368421 0.06286549707602339 0.020833333333333332
0 0.8724415204678362 0.5337171052631579 0.07017543859649122 0.02412280701754386
3 0.4850146198830409 0.2338267543859649 0.30994152046783624 0.04057017543859649
0 0.2635233918128655 0.49533991228070173 0.3055555555555555 0.021929824561403508
0 0.4762426900584795 0.5666118421052632 0.7309941520467835 0.02850877192982456
0 0.4930555555555555 0.6981907894736842 0.8494152046783625 0.1469298245614035
0 0.1509502923976608 0.828125 0.17105263157894735 0.020833333333333332
0 0.08369883040935672 0.8950109649122806 0.03654970760233918 0.01644736842105263
0 0.08369883040935672 0.9459978070175438 0.033625730994152045 0.02412280701754386
3 0.47697368421052627 0.296875 0.15058479532163743 0.03508771929824561
3 0.4820906432748538 0.36101973684210525 0.36257309941520466 0.04057017543859649
3 0.4820906432748538 0.4695723684210526 0.17251461988304093 0.027412280701754384
3 0.4886695906432748 0.5326206140350876 0.5277777777777778 0.041666666666666664
3 0.4857456140350877 0.6022478070175439 0.3435672514619883 0.04057017543859649
3 0.4857456140350877 0.7990679824561403 0.5073099415204678 0.041666666666666664
3 0.4820906432748538 0.865953947368421 0.29239766081871343 0.041666666666666664
3 0.4850146198830409 0.9273574561403508 0.40350877192982454 0.03728070175438596
3 0.47331871345029236 0.9772478070175438 0.17543859649122806 0.029605263157894735
