0 0.13779239766081872 0.056195175438596486 0.06432748538011696 0.023026315789473683
0 0.508406432748538 0.059484649122807015 0.45175438596491224 0.03179824561403509
0 0.8929093567251462 0.06716008771929824 0.03654970760233918 0.01644736842105263
0 0.3110380116959064 0.2870065789473684 0.402046783625731 0.418859649122807
0 0.2269736842105263 0.5227521929824561 0.23976608187134502 0.02631578947368421
0 0.17141812865497075 0.5671600877192983 0.12573099415204678 0.01864035087719298
0 0.3154239766081871 0.7826206140350876 0.4049707602339181 0.41447368421052627
0 0.727704678362573 0.21847587719298245 0.3845029239766082 0.2598684210526316
0 0.7335526315789473 0.3900767543859649 0.34941520467836257 0.05043859649122807
2 0.7342836257309941 0.46463815789473684 0.32456140350877194 0.09210526315789473
0 0.7372076023391813 0.609375 0.38888888888888884 0.1600877192982456
0 0.7372076023391813 0.7124451754385964 0.391812865497076 0.03508771929824561
0 0.7437865497076023 0.8237390350877193 0.3991228070175438 0.18311403508771928
0 0.7452485380116959 0.947094298245614 0.3874269005847953 0.06359649122807018
