1 0.24817251461988302 0.054550438596491224 0.33187134502923976 0.10526315789473684
0 0.24890350877192982 0.13404605263157893 0.3391812865497076 0.049342105263157895
0 0.7101608187134503 0.08031798245614034 0.5365497076023391 0.15899122807017543
0 0.3775584795321637 0.22615131578947367 0.6228070175438596 0.11074561403508772
0 0.11220760233918128 0.4734100877192982 0.1067251461988304 0.3881578947368421
0 0.4367690058479532 0.32922149122807015 0.4780701754385965 0.0756578947368421
0 0.23501461988304093 0.5150767543859649 0.11842105263157894 0.29605263157894735
0 0.4923245614035087 0.6302083333333333 0.3874269005847953 0.07675438596491227
1 0.4959795321637427 0.4745065789473684 0.38596491228070173 0.22149122807017543
0 0.8388157894736842 0.42680921052631576 0.2733918128654971 0.3848684210526316
0 0.8373538011695906 0.7223135964912281 0.26169590643274854 0.19517543859649122
0 0.3695175438596491 0.765625 0.6447368421052632 0.1699561403508772
0 0.35782163742690054 0.915844298245614 0.6476608187134503 0.12171052631578946
1 0.8263888888888888 0.8873355263157894 0.25146198830409355 0.1282894736842105
