0 0.4630847953216374 0.026041666666666664 0.2982456140350877 0.02412280701754386
0 0.802266081871345 0.028782894736842105 0.04093567251461988 0.020833333333333332
1 0.27814327485380114 0.17351973684210525 0.3874269005847953 0.2357456140350877
1 0.6750730994152047 0.1751644736842105 0.391812865497076 0.23464912280701752
0 0.4762426900584795 0.31222587719298245 0.3742690058479532 0.02631578947368421
0 0.47697368421052627 0.3807565789473684 0.8026315789473684 0.11074561403508772
0 0.17507309941520466 0.4421600877192982 0.11403508771929824 0.01644736842105263
0 0.28252923976608185 0.465734649122807 0.3084795321637427 0.02412280701754386
3 0.48428362573099415 0.4876644736842105 0.3961988304093567 0.02412280701754386
0 0.14437134502923976 0.5161732456140351 0.1286549707602339 0.02631578947368421
3 0.4806286549707602 0.5397478070175439 0.4093567251461988 0.04057017543859649
0 0.8570906432748537 0.5309758771929824 0.06578947368421052 0.01864035087719298
0 0.4886695906432748 0.5879934210526315 0.8114035087719298 0.06030701754385964
3 0.4894005847953216 0.6241776315789473 0.1286549707602339 0.027412280701754384
0 0.44919590643274854 0.6499451754385964 0.6622807017543859 0.02631578947368421
3 0.4886695906432748 0.6735197368421052 0.445906432748538 0.025219298245614034
0 0.10416666666666666 0.7069627192982456 0.033625730994152045 0.021929824561403508
0 0.20285087719298245 0.778782894736842 0.24561403508771928 0.029605263157894735
0 0.4294590643274854 0.8429276315789473 0.6871345029239766 0.02850877192982456
0 0.4718567251461988 0.9553179824561403 0.6812865497076023 0.03399122807017543
0 0.8746345029239766 0.7941337719298245 0.06286549707602339 0.01864035087719298
0 0.8877923976608186 0.9059758771929824 0.07163742690058479 0.025219298245614034
3 0.4901315789473684 0.7360197368421052 0.14473684210526316 0.0537280701754386
3 0.5018274853801169 0.8078399122807017 0.29970760233918126 0.043859649122807015
3 0.49671052631578944 0.8977521929824561 0.611111111111111 0.08552631578947367
