0 0.11878654970760233 0.04632675438596491 0.04093567251461988 0.01864035087719298
0 0.5398391812865497 0.03262061403508772 0.21637426900584794 0.02631578947368421
0 0.9082602339181286 0.03755482456140351 0.049707602339181284 0.027412280701754384
1 0.2876461988304093 0.1400767543859649 0.1915204678362573 0.10964912280701754
1 0.5201023391812866 0.13404605263157893 0.19736842105263158 0.11293859649122806
1 0.7613304093567251 0.12966008771929824 0.19444444444444442 0.11074561403508772
0 0.2913011695906433 0.20093201754385964 0.05263157894736842 0.01425438596491228
0 0.5310672514619883 0.19709429824561403 0.04678362573099415 0.017543859649122806
0 0.768640350877193 0.19106359649122806 0.05116959064327485 0.01644736842105263
0 0.525219298245614 0.23163377192982454 0.08187134502923976 0.020833333333333332
1 0.29276315789473684 0.3368969298245614 0.2046783625730994 0.11074561403508772
1 0.5288742690058479 0.33415570175438597 0.19736842105263158 0.10964912280701754
1 0.7671783625730993 0.32867324561403505 0.19444444444444442 0.1074561403508772
0 0.5310672514619883 0.4251644736842105 0.1023391812865497 0.015350877192982455
0 0.29568713450292394 0.4004934210526316 0.049707602339181284 0.01644736842105263
0 0.5361842105263157 0.39610745614035087 0.05116959064327485 0.01206140350877193
0 0.7759502923976608 0.39226973684210525 0.04824561403508772 0.017543859649122806
0 0.5369152046783625 0.4931469298245614 0.48830409356725146 0.03070175438596491
1 0.28179824561403505 0.6132127192982456 0.25 0.10635964912280702
1 0.5361842105263157 0.6099232456140351 0.25 0.10416666666666666
1 0.7913011695906432 0.609375 0.24561403508771928 0.10964912280701754
0 0.27814327485380114 0.6740679824561403 0.05263157894736842 0.013157894736842105
0 0.54203216374269 0.6713267543859649 0.04824561403508772 0.01864035087719298
0 0.7949561403508771 0.6724232456140351 0.04532163742690058 0.01425438596491228
0 0.5413011695906432 0.7036732456140351 0.06725146198830409 0.017543859649122806
1 0.28618421052631576 0.8050986842105262 0.24707602339181284 0.10197368421052631
1 0.5413011695906432 0.8083881578947368 0.25146198830409355 0.11074561403508772
1 0.8008040935672515 0.810032894736842 0.24707602339181284 0.10526315789473684
0 0.2883771929824561 0.8643092105263157 0.038011695906432746 0.01425438596491228
0 0.5508040935672515 0.8675986842105262 0.04824561403508772 0.01425438596491228
0 0.8073830409356725 0.8708881578947368 0.043859649122807015 0.01425438596491228
0 0.5464181286549707 0.8988486842105262 0.10380116959064327 0.019736842105263157
0 0.5508040935672515 0.9651864035087718 0.4605263157894737 0.042763157894736836
