1 0.508406432748538 0.0200109649122807 0.2324561403508772 0.029605263157894735
0 0.427266081871345 0.07702850877192982 0.5847953216374269 0.06907894736842105
0 0.19992690058479531 0.5529057017543859 0.29678362573099415 0.8695175438596491
0 0.5822368421052632 0.19216008771929824 0.4619883040935672 0.15899122807017543
1 0.5763888888888888 0.38788377192982454 0.4619883040935672 0.22807017543859648
0 0.575657894736842 0.5501644736842105 0.44298245614035087 0.03508771929824561
0 0.4221491228070175 0.6899671052631579 0.15058479532163743 0.22916666666666666
0 0.6560672514619883 0.6049890350877193 0.3055555555555555 0.06798245614035087
1 0.6560672514619883 0.716282894736842 0.3055555555555555 0.15899122807017543
0 0.6524122807017544 0.8993969298245613 0.5994152046783625 0.16776315789473684
0 0.9075292397660818 0.44106359649122806 0.14766081871345027 0.7335526315789473
