1 0.48355263157894735 0.1269188596491228 0.4766081871345029 0.1293859649122807
1 0.48793859649122806 0.2820723684210526 0.4941520467836257 0.16337719298245612
0 0.48355263157894735 0.03536184210526316 0.2807017543859649 0.01864035087719298
0 0.8410087719298245 0.03262061403508772 0.024853801169590642 0.02631578947368421
0 0.4894005847953216 0.37801535087719296 0.23391812865497075 0.021929824561403508
0 0.15752923976608185 0.4169407894736842 0.10526315789473684 0.044956140350877194
0 0.09100877192982455 0.4942434210526315 0.05116959064327485 0.02631578947368421
0 0.133406432748538 0.5424890350877193 0.04532163742690058 0.02412280701754386
0 0.879751461988304 0.5090460526315789 0.07309941520467836 0.020833333333333332
0 0.8819444444444444 0.5589364035087719 0.06871345029239766 0.017543859649122806
0 0.1611842105263158 0.5907346491228069 0.1915204678362573 0.02412280701754386
0 0.49086257309941517 0.6669407894736842 0.8625730994152047 0.11951754385964912
0 0.1158625730994152 0.8336074561403508 0.1067251461988304 0.025219298245614034
0 0.49744152046783624 0.9564144736842105 0.8669590643274854 0.06030701754385964
0 0.893640350877193 0.8527960526315789 0.06871345029239766 0.019736842105263157
0 0.8929093567251462 0.8999451754385964 0.07017543859649122 0.02412280701754386
3 0.4901315789473684 0.459703947368421 0.5599415204678362 0.03618421052631579
3 0.4901315789473684 0.5112390350877193 0.25584795321637427 0.025219298245614034
3 0.49378654970760233 0.5638706140350876 0.26023391812865493 0.025219298245614034
3 0.49378654970760233 0.7700109649122806 0.27485380116959063 0.0756578947368421
3 0.4989035087719298 0.8813048245614035 0.43421052631578944 0.07894736842105263
