0 0.46984649122807015 0.10910087719298245 0.7584064327485379 0.1074561403508772
0 0.4850146198830409 0.2964638157894737 0.7309941520467835 0.26726973684210525
0 0.29166666666666663 0.48601973684210525 0.4232456140350877 0.10964912280701754
1 0.6953581871345029 0.49917763157894735 0.3775584795321637 0.11074561403508772
0 0.2735745614035088 0.5641447368421052 0.3198099415204678 0.0400219298245614
0 0.17214912280701752 0.6196546052631579 0.09283625730994152 0.02494517543859649
0 0.4859283625730994 0.783031798245614 0.8205409356725146 0.25356359649122806
3 0.47441520467836257 0.5984100877192983 0.23464912280701752 0.02631578947368421
3 0.4722222222222222 0.6378837719298245 0.20540935672514618 0.027412280701754384
0 0.9343932748538011 0.828673245614035 0.05153508771929824 0.027412280701754384
0 0.9382309941520467 0.8789747807017544 0.04093567251461988 0.061677631578947366
0 0.856907894736842 0.9401041666666666 0.11878654970760233 0.021655701754385963
