0 0.44316520467836257 0.09895833333333333 0.650219298245614 0.027412280701754384
0 0.4438961988304093 0.1507675438596491 0.6487573099415205 0.06743421052631579
0 0.18823099415204678 0.21765350877192982 0.15862573099415203 0.018092105263157895
0 0.44261695906432746 0.2827576754385965 0.6608187134502923 0.059484649122807015
0 0.23391812865497075 0.32442434210526316 0.2404970760233918 0.021655701754385963
0 0.44572368421052627 0.36485745614035087 0.66703216374269 0.05263157894736842
0 0.4471856725146199 0.46724232456140347 0.6853070175438596 0.046875
0 0.40003654970760233 0.564281798245614 0.575657894736842 0.033168859649122806
0 0.44791666666666663 0.6716008771929824 0.6867690058479532 0.06743421052631579
0 0.26133040935672514 0.748766447368421 0.32309941520467833 0.016173245614035086
0 0.21418128654970758 0.8252467105263157 0.23464912280701752 0.02494517543859649
3 0.5643274853801169 0.1947642543859649 0.42032163742690054 0.02987938596491228
3 0.5643274853801169 0.24150219298245612 0.42032163742690054 0.027412280701754384
3 0.5544590643274854 0.4168037280701754 0.45540935672514615 0.046875
3 0.5489766081871345 0.5191885964912281 0.4751461988304093 0.045504385964912276
3 0.46984649122807015 0.6106085526315789 0.633406432748538 0.04577850877192982
3 0.518640350877193 0.7229989035087719 0.554093567251462 0.023848684210526314
3 0.5118786549707602 0.7846765350877193 0.5800438596491228 0.04468201754385965
3 0.5188230994152047 0.862390350877193 0.575657894736842 0.044407894736842105
