0 0.13048245614035087 0.04851973684210526 0.043859649122807015 0.01425438596491228
0 0.5449561403508771 0.02987938596491228 0.2324561403508772 0.023026315789473683
0 0.9228801169590642 0.02549342105263158 0.05555555555555555 0.025219298245614034
0 0.3081140350877193 0.18119517543859648 0.41081871345029236 0.23135964912280702
0 0.31323099415204675 0.3171600877192982 0.25146198830409355 0.01425438596491228
0 0.31834795321637427 0.33634868421052627 0.41666666666666663 0.017543859649122806
2 0.319078947368421 0.3993969298245614 0.3771929824561403 0.0800438596491228
0 0.3220029239766082 0.5216557017543859 0.4064327485380117 0.1337719298245614
0 0.3285818713450292 0.6811951754385964 0.3991228070175438 0.17434210526315788
1 0.3336988304093567 0.859923245614035 0.3128654970760234 0.15679824561403508
0 0.34173976608187134 0.9613486842105262 0.05701754385964912 0.019736842105263157
1 0.7510964912280701 0.15652412280701752 0.33479532163742687 0.1732456140350877
0 0.7532894736842105 0.265625 0.06140350877192982 0.025219298245614034
0 0.754751461988304 0.30290570175438597 0.2631578947368421 0.01864035087719298
0 0.7540204678362573 0.3308662280701754 0.40789473684210525 0.03728070175438596
0 0.7518274853801169 0.3977521929824561 0.40350877192982454 0.06578947368421052
1 0.7569444444444444 0.5254934210526315 0.3289473684210526 0.1611842105263158
0 0.7598684210526315 0.6236293859649122 0.06286549707602339 0.019736842105263157
1 0.7635233918128654 0.7288925438596491 0.3216374269005848 0.1600877192982456
0 0.7642543859649122 0.828673245614035 0.054093567251461985 0.02412280701754386
0 0.7642543859649122 0.8681469298245613 0.37280701754385964 0.039473684210526314
0 0.764985380116959 0.9388706140350876 0.39766081871345027 0.08223684210526315
