0 0.498172514619883 0.026589912280701754 0.30409356725146197 0.03179824561403509
0 0.8600146198830408 0.02933114035087719 0.04532163742690058 0.017543859649122806
0 0.5032894736842105 0.11101973684210525 0.7880116959064327 0.03618421052631579
0 0.5032894736842105 0.27110745614035087 0.861111111111111 0.10855263157894736
0 0.5062134502923976 0.5962171052631579 0.37573099415204675 0.021929824561403508
0 0.5069444444444444 0.6186951754385964 0.7865497076023391 0.029605263157894735
0 0.5091374269005847 0.8138706140350876 0.8903508771929824 0.2225877192982456
0 0.4265350877192982 0.984375 0.6374269005847952 0.02412280701754386
3 0.5025584795321637 0.08196271929824561 0.17543859649122806 0.041666666666666664
3 0.4989035087719298 0.17406798245614033 0.2880116959064327 0.08991228070175439
0 0.8870614035087718 0.07976973684210525 0.07894736842105263 0.02631578947368421
0 0.8870614035087718 0.17023026315789472 0.09064327485380116 0.09100877192982455
1 0.48720760233918126 0.4525767543859649 0.7967836257309941 0.256578947368421
3 0.5054824561403508 0.9487390350877193 0.5146198830409356 0.038377192982456135
3 0.5018274853801169 0.6636513157894737 0.1593567251461988 0.06469298245614034
0 0.9009502923976608 0.665844298245614 0.0804093567251462 0.027412280701754384
