0 0.454312865497076 0.031524122807017545 0.30116959064327486 0.02631578947368421
0 0.7927631578947368 0.02933114035087719 0.04239766081871345 0.015350877192982455
0 0.17434210526315788 0.07702850877192982 0.20906432748538012 0.03179824561403509
3 0.4572368421052631 0.09237938596491227 0.3742690058479532 0.025219298245614034
0 0.8168859649122806 0.08799342105263157 0.07017543859649122 0.020833333333333332
0 0.4784356725146199 0.1669407894736842 0.7997076023391813 0.12609649122807018
0 0.30372807017543857 0.24533991228070173 0.45321637426900585 0.03289473684210526
0 0.35928362573099415 0.27768640350877194 0.4941520467836257 0.023026315789473683
3 0.4718567251461988 0.3067434210526316 0.567251461988304 0.041666666666666664
0 0.481359649122807 0.36759868421052627 0.8055555555555555 0.07785087719298245
3 0.5201023391812866 0.44051535087719296 0.7163742690058479 0.07894736842105263
0 0.4820906432748538 0.5890899122807017 0.827485380116959 0.22039473684210525
3 0.4886695906432748 0.721765350877193 0.5862573099415205 0.04714912280701754
0 0.8622076023391813 0.7135416666666666 0.06725146198830409 0.02412280701754386
0 0.33735380116959063 0.7606907894736842 0.43859649122807015 0.03070175438596491
3 0.498172514619883 0.8007127192982456 0.4766081871345029 0.07346491228070175
0 0.8658625730994152 0.8050986842105262 0.06286549707602339 0.023026315789473683
0 0.4959795321637427 0.897203947368421 0.8406432748538011 0.1370614035087719
