0 0.17434210526315788 0.028782894736842105 0.04093567251461988 0.01644736842105263
0 0.5683479532163742 0.021655701754385963 0.20614035087719296 0.02412280701754386
0 0.9126461988304093 0.03645833333333333 0.03508771929824561 0.029605263157894735
0 0.2233187134502924 0.06058114035087719 0.1564327485380117 0.023026315789473683
0 0.34100877192982454 0.11924342105263157 0.4005847953216374 0.09649122807017543
0 0.7540204678362573 0.10773026315789473 0.3640350877192982 0.12609649122807018
1 0.548611111111111 0.24205043859649122 0.7748538011695906 0.1337719298245614
0 0.5515350877192983 0.3314144736842105 0.28654970760233917 0.023026315789473683
0 0.5551900584795322 0.3516995614035088 0.43421052631578944 0.019736842105263157
1 0.5464181286549707 0.4416118421052631 0.7938596491228069 0.1337719298245614
0 0.5515350877192983 0.528234649122807 0.2573099415204678 0.021929824561403508
0 0.5559210526315789 0.5496162280701754 0.38888888888888884 0.020833333333333332
1 0.548611111111111 0.6439144736842105 0.8070175438596491 0.13925438596491227
0 0.5515350877192983 0.734375 0.27192982456140347 0.021929824561403508
0 0.5559210526315789 0.7574013157894737 0.4707602339181286 0.02631578947368421
1 0.5471491228070176 0.8516995614035088 0.8216374269005847 0.1513157894736842
0 0.5508040935672515 0.947094298245614 0.39035087719298245 0.03070175438596491
0 0.5566520467836257 0.9657346491228069 0.6622807017543859 0.03070175438596491
