0 0.49378654970760233 0.03207236842105263 0.2894736842105263 0.027412280701754384
0 0.8600146198830408 0.026041666666666664 0.04239766081871345 0.021929824561403508
0 0.4089912280701754 0.07483552631578946 0.6081871345029239 0.03179824561403509
0 0.49671052631578944 0.43338815789473684 0.391812865497076 0.027412280701754384
0 0.4959795321637427 0.490953947368421 0.2529239766081871 0.03070175438596491
0 0.5025584795321637 0.5945723684210525 0.8508771929824561 0.12390350877192982
0 0.4996345029239766 0.8067434210526315 0.8508771929824561 0.12719298245614036
0 0.40314327485380114 0.9279057017543859 0.5643274853801169 0.027412280701754384
0 0.22149122807017543 0.9893092105263157 0.2887426900584795 0.020833333333333332
3 0.49671052631578944 0.7020285087719298 0.6081871345029239 0.08223684210526315
3 0.4989035087719298 0.9618969298245613 0.5628654970760234 0.038377192982456135
0 0.8914473684210525 0.7003837719298245 0.07309941520467836 0.02850877192982456
0 0.893640350877193 0.891173245614035 0.08333333333333333 0.046052631578947366
0 0.8943713450292398 0.9618969298245613 0.08771929824561403 0.027412280701754384
3 0.4945175438596491 0.8895285087719298 0.16812865497076024 0.038377192982456135
1 0.498172514619883 0.2563048245614035 0.7192982456140351 0.31798245614035087
