0 0.15625 0.04577850877192982 0.10051169590643275 0.014802631578947368
0 0.22551169590643275 0.09950657894736842 0.22368421052631576 0.08114035087719298
0 0.2589546783625731 0.6048519736842105 0.35782163742690054 0.03426535087719298
0 0.48812134502923976 0.5579769736842105 0.2130847953216374 0.02494517543859649
0 0.7646198830409356 0.7087445175438596 0.3150584795321637 0.1439144736842105
1 0.30610380116959063 0.07826206140350876 0.0625 0.05235745614035087
1 0.504203216374269 0.2593201754385965 0.8088450292397661 0.4649122807017544
1 0.7730263157894737 0.36444627192982454 0.23464912280701752 0.2387609649122807
1 0.3397295321637427 0.7989309210526315 0.5347222222222222 0.3242872807017544
1 0.7562134502923976 0.8743146929824561 0.29532163742690054 0.1669407894736842
0 0.8812134502923976 0.9738212719298245 0.05482456140350877 0.020559210526315787
