0 0.512609649122807 0.09772478070175437 0.7554824561403508 0.1049890350877193
0 0.444078947368421 0.1816063596491228 0.6030701754385964 0.023848684210526314
0 0.3368055555555555 0.3530701754385965 0.42799707602339176 0.31414473684210525
0 0.32748538011695905 0.5790844298245613 0.44298245614035087 0.0512609649122807
0 0.521016081871345 0.7482182017543859 0.8358918128654971 0.28426535087719296
3 0.629203216374269 0.1581688596491228 0.5222953216374269 0.023026315789473683
3 0.3748172514619883 0.5345394736842105 0.339546783625731 0.044407894736842105
3 0.6648391812865496 0.9051535087719298 0.554093567251462 0.025219298245614034
1 0.7364766081871345 0.38774671052631576 0.3684210526315789 0.3928179824561403
0 0.9813596491228069 0.8331962719298245 0.035818713450292396 0.022752192982456138
0 0.9824561403508771 0.885827850877193 0.02266081871345029 0.059484649122807015
0 0.8985745614035088 0.9446271929824561 0.13267543859649122 0.016995614035087717
