1 0.27887426900584794 0.062225877192982455 0.35818713450292394 0.11184210526315788
0 0.7467105263157894 0.022752192982456138 0.44883040935672514 0.03728070175438596
0 0.7467105263157894 0.04577850877192982 0.2733918128654971 0.017543859649122806
0 0.7474415204678362 0.09731359649122806 0.4707602339181286 0.08333333333333333
0 0.27887426900584794 0.12417763157894736 0.2763157894736842 0.01864035087719298
0 0.35489766081871343 0.20148026315789472 0.5570175438596491 0.05043859649122807
0 0.3527046783625731 0.3061951754385965 0.6023391812865497 0.15021929824561403
0 0.18823099415204678 0.3999451754385965 0.2763157894736842 0.021929824561403508
0 0.2737573099415205 0.43996710526315785 0.4152046783625731 0.06030701754385964
0 0.2737573099415205 0.5052083333333333 0.45321637426900585 0.06140350877192982
0 0.5851608187134503 0.4608004385964912 0.14912280701754385 0.14583333333333331
0 0.8322368421052632 0.1762609649122807 0.23976608187134502 0.05921052631578947
0 0.8278508771929824 0.21463815789473684 0.21637426900584794 0.019736842105263157
0 0.8263888888888888 0.29139254385964913 0.3157894736842105 0.13596491228070173
0 0.8263888888888888 0.3900767543859649 0.30409356725146197 0.041666666666666664
0 0.8285818713450291 0.4766995614035087 0.3201754385964912 0.125
0 0.19261695906432746 0.5622258771929824 0.2880116959064327 0.039473684210526314
0 0.19261695906432746 0.5890899122807017 0.2704678362573099 0.01864035087719298
0 0.19334795321637427 0.7053179824561403 0.2982456140350877 0.21600877192982454
0 0.3432017543859649 0.8544407894736842 0.5073099415204678 0.0625
0 0.34904970760233917 0.8933662280701754 0.445906432748538 0.02850877192982456
0 0.34978070175438597 0.9399671052631579 0.6228070175438596 0.08662280701754385
0 0.7510964912280701 0.8358004385964912 0.12719298245614036 0.025219298245614034
0 0.7423245614035088 0.915844298245614 0.13304093567251463 0.1370614035087719
0 0.9075292397660818 0.578125 0.12719298245614036 0.05592105263157894
0 0.9075292397660818 0.8094846491228069 0.141812865497076 0.34100877192982454
1 0.5866228070175439 0.6779057017543859 0.4766081871345029 0.27521929824561403
