0 0.09539473684210525 0.01507675438596491 0.06725146198830409 0.017543859649122806
0 0.48428362573099415 0.013980263157894735 0.391812865497076 0.021929824561403508
0 0.8848684210526315 0.016721491228070175 0.03216374269005848 0.01864035087719298
0 0.27814327485380114 0.14226973684210525 0.42105263157894735 0.20394736842105263
0 0.19480994152046782 0.2820723684210526 0.24853801169590642 0.023026315789473683
0 0.2847222222222222 0.36979166666666663 0.4225146198830409 0.10416666666666666
0 0.13998538011695905 0.43009868421052627 0.13304093567251463 0.01864035087719298
0 0.29934210526315785 0.7135416666666666 0.43421052631578944 0.5460526315789473
0 0.7138157894736842 0.16968201754385964 0.4093567251461988 0.2675438596491228
0 0.6706871345029239 0.31496710526315785 0.3055555555555555 0.01425438596491228
0 0.7269736842105263 0.3834978070175438 0.4005847953216374 0.11842105263157894
0 0.7306286549707602 0.5512609649122807 0.402046783625731 0.20175438596491227
0 0.7364766081871345 0.6921600877192982 0.3845029239766082 0.05592105263157894
2 0.7408625730994152 0.7508223684210525 0.3961988304093567 0.05921052631578947
0 0.7503654970760234 0.8807565789473684 0.4122807017543859 0.17434210526315788
