0 0.18019005847953215 0.0512609649122807 0.027777777777777776 0.015350877192982455
0 0.5361842105263157 0.04468201754385965 0.11988304093567251 0.02412280701754386
0 0.1955409356725146 0.11211622807017543 0.13157894736842105 0.01644736842105263
0 0.4747807017543859 0.17077850877192982 0.6988304093567251 0.041666666666666664
0 0.9075292397660818 0.14281798245614033 0.03508771929824561 0.027412280701754384
0 0.5361842105263157 0.3144188596491228 0.23684210526315788 0.019736842105263157
0 0.24378654970760233 0.3374451754385965 0.14327485380116958 0.019736842105263157
0 0.18969298245614033 0.3834978070175438 0.13157894736842105 0.021929824561403508
0 0.2138157894736842 0.4520285087719298 0.16812865497076024 0.020833333333333332
0 0.444078947368421 0.5183662280701754 0.567251461988304 0.02631578947368421
0 0.9075292397660818 0.484375 0.04678362573099415 0.019736842105263157
0 0.23793859649122806 0.5825109649122807 0.2222222222222222 0.027412280701754384
0 0.9082602339181286 0.6203399122807017 0.04532163742690058 0.02412280701754386
0 0.5303362573099415 0.6652960526315789 0.8099415204678362 0.043859649122807015
0 0.5266812865497076 0.7360197368421052 0.8114035087719298 0.04714912280701754
0 0.9141081871345029 0.7864583333333333 0.04824561403508772 0.020833333333333332
0 0.5296052631578947 0.8270285087719298 0.817251461988304 0.04714912280701754
0 0.5310672514619883 0.8884320175438596 0.3874269005847953 0.03399122807017543
0 0.5325292397660818 0.9438048245614035 0.817251461988304 0.04824561403508772
3 0.535453216374269 0.08908991228070175 0.3845029239766082 0.025219298245614034
3 0.5361842105263157 0.1356907894736842 0.3157894736842105 0.02850877192982456
1 0.5398391812865497 0.24808114035087717 0.3611111111111111 0.09978070175438596
3 0.5339912280701754 0.36101973684210525 0.14766081871345027 0.020833333333333332
3 0.5376461988304093 0.4180372807017544 0.27192982456140347 0.038377192982456135
3 0.5317982456140351 0.48547149122807015 0.3391812865497076 0.03728070175438596
3 0.5332602339181286 0.5550986842105263 0.21637426900584794 0.04057017543859649
3 0.5332602339181286 0.6230811403508771 0.3421052631578947 0.038377192982456135
3 0.5325292397660818 0.7014802631578947 0.28216374269005845 0.021929824561403508
3 0.5376461988304093 0.7804276315789473 0.3128654970760234 0.041666666666666664
3 0.5310672514619883 0.9832785087719298 0.20614035087719296 0.019736842105263157
