0 0.12682748538011696 0.0424890350877193 0.03654970760233918 0.019736842105263157
0 0.5288742690058479 0.024396929824561403 0.2149122807017544 0.01864035087719298
0 0.8951023391812865 0.026041666666666664 0.05555555555555555 0.02631578947368421
0 0.3059210526315789 0.11979166666666666 0.4093567251461988 0.12609649122807018
0 0.30957602339181284 0.27713815789473684 0.40789473684210525 0.18640350877192982
0 0.3125 0.43338815789473684 0.4195906432748538 0.11951754385964912
0 0.3198099415204678 0.6115679824561403 0.4137426900584795 0.22807017543859648
0 0.3285818713450292 0.8549890350877193 0.41666666666666663 0.2543859649122807
0 0.7269736842105263 0.09018640350877193 0.38888888888888884 0.08442982456140351
0 0.7094298245614035 0.1631030701754386 0.34502923976608185 0.02850877192982456
0 0.7372076023391813 0.2930372807017544 0.39766081871345027 0.19846491228070173
1 0.7489035087719298 0.4745065789473684 0.3333333333333333 0.1425438596491228
0 0.7562134502923976 0.5753837719298245 0.27485380116959063 0.039473684210526314
0 0.6114766081871345 0.6263706140350876 0.13450292397660818 0.01864035087719298
0 0.7598684210526315 0.7327302631578947 0.40789473684210525 0.1918859649122807
0 0.7679093567251462 0.9032346491228069 0.42105263157894735 0.1469298245614035
