0 0.11220760233918128 0.03919956140350877 0.033625730994152045 0.015350877192982455
0 0.5347222222222222 0.030427631578947366 0.2178362573099415 0.02631578947368421
0 0.9192251461988303 0.028782894736842105 0.05116959064327485 0.03179824561403509
0 0.2978801169590643 0.14830043859649122 0.4225146198830409 0.17434210526315788
3 0.2986111111111111 0.303453947368421 0.4122807017543859 0.13157894736842105
0 0.3051900584795321 0.4618969298245614 0.4195906432748538 0.17653508771929824
0 0.18165204678362573 0.578125 0.14619883040935672 0.038377192982456135
0 0.3205409356725146 0.7332785087719298 0.4122807017543859 0.26973684210526316
0 0.2744883040935672 0.8829495614035088 0.293859649122807 0.025219298245614034
0 0.3300438596491228 0.9317434210526315 0.3874269005847953 0.08114035087719298
0 0.7379385964912281 0.11759868421052631 0.4049707602339181 0.13486842105263158
1 0.7489035087719298 0.25685307017543857 0.27192982456140347 0.12390350877192982
0 0.7496345029239766 0.3555372807017544 0.26461988304093564 0.038377192982456135
0 0.6319444444444444 0.403234649122807 0.19005847953216373 0.019736842105263157
0 0.7401315789473684 0.48876096491228066 0.39473684210526316 0.1425438596491228
0 0.7218567251461988 0.5951206140350876 0.35526315789473684 0.02412280701754386
0 0.6056286549707602 0.640625 0.13157894736842105 0.023026315789473683
0 0.7489035087719298 0.8149671052631579 0.4005847953216374 0.3256578947368421
