0 0.4930555555555555 0.030975877192982455 0.20614035087719296 0.025219298245614034
0 0.14290935672514618 0.03700657894736842 0.04093567251461988 0.017543859649122806
0 0.4747807017543859 0.07757675438596491 0.695906432748538 0.05701754385964912
1 0.5018274853801169 0.16913377192982454 0.3201754385964912 0.09320175438596491
0 0.4952485380116959 0.23601973684210525 0.283625730994152 0.020833333333333332
0 0.2233187134502924 0.2612390350877193 0.2309941520467836 0.03399122807017543
0 0.10489766081871345 0.3133223684210526 0.07894736842105263 0.02412280701754386
0 0.1597222222222222 0.37746710526315785 0.1769005847953216 0.025219298245614034
0 0.40314327485380114 0.4416118421052631 0.5906432748538011 0.02412280701754386
0 0.4945175438596491 0.6581688596491228 0.2733918128654971 0.025219298245614034
0 0.2225877192982456 0.6839364035087719 0.22660818713450293 0.021929824561403508
0 0.10562865497076022 0.7338267543859649 0.07456140350877193 0.025219298245614034
0 0.15168128654970758 0.8067434210526315 0.17251461988304093 0.02631578947368421
0 0.4945175438596491 0.9185855263157894 0.8786549707602339 0.10307017543859648
3 0.4930555555555555 0.2891995614035088 0.25584795321637427 0.021929824561403508
3 0.49378654970760233 0.34402412280701755 0.34502923976608185 0.03508771929824561
3 0.4989035087719298 0.40871710526315785 0.23830409356725146 0.041666666666666664
1 0.4901315789473684 0.5550986842105263 0.5394736842105263 0.16557017543859648
3 0.49378654970760233 0.7113486842105263 0.5 0.03508771929824561
3 0.49744152046783624 0.7700109649122806 0.4956140350877193 0.044956140350877194
3 0.49378654970760233 0.8401864035087718 0.30994152046783624 0.044956140350877194
