1 0.2408625730994152 0.2464364035087719 0.4225146198830409 0.48684210526315785
1 0.741593567251462 0.24808114035087717 0.45906432748538006 0.47697368421052627
1 0.2459795321637427 0.7623355263157894 0.4327485380116959 0.47039473684210525
1 0.7379385964912281 0.7574013157894737 0.4576023391812865 0.46271929824561403
0 0.21527777777777776 0.3007127192982456 0.29532163742690054 0.027412280701754384
0 0.2130847953216374 0.4213267543859649 0.293859649122807 0.044956140350877194
0 0.2050438596491228 0.45860745614035087 0.13157894736842105 0.01864035087719298
0 0.7459795321637427 0.44435307017543857 0.3216374269005848 0.029605263157894735
0 0.7445175438596491 0.5797697368421052 0.4122807017543859 0.039473684210526314
0 0.7386695906432749 0.9503837719298245 0.3830409356725146 0.05043859649122807
0 0.29276315789473684 0.9712171052631579 0.2777777777777778 0.039473684210526314
