0 0.5034722222222222 0.11938048245614034 0.7247807017543859 0.061677631578947366
0 0.5034722222222222 0.1787280701754386 0.7342836257309941 0.05701754385964912
0 0.5049342105263157 0.23355263157894735 0.7430555555555555 0.05482456140350877
0 0.22770467836257308 0.28097587719298245 0.2010233918128655 0.02631578947368421
0 0.504203216374269 0.31811951754385964 0.7445175438596491 0.04797149122807017
0 0.2225877192982456 0.3489583333333333 0.1293859649122807 0.018092105263157895
0 0.5049342105263157 0.426672149122807 0.7584064327485379 0.061677631578947366
3 0.504203216374269 0.3758223684210526 0.4155701754385965 0.03070175438596491
1 0.5102339181286549 0.6373355263157895 0.4766081871345029 0.3530701754385965
0 0.5140716374269005 0.8789747807017544 0.8132309941520467 0.10279605263157894
0 0.9601608187134503 0.8378563596491228 0.05482456140350877 0.02987938596491228
0 0.9610745614035087 0.8932291666666666 0.03179824561403509 0.05345394736842105
0 0.866593567251462 0.953673245614035 0.1600877192982456 0.014802631578947368
