0 0.49744152046783624 0.12623355263157893 0.6396198830409356 0.02987938596491228
1 0.45540935672514615 0.24561403508771928 0.6900584795321637 0.20668859649122806
0 0.36641081871345027 0.3752741228070175 0.4141081871345029 0.025219298245614034
3 0.6116593567251462 0.3998081140350877 0.4294590643274854 0.026041666666666664
0 0.27887426900584794 0.4225603070175438 0.23903508771929824 0.023848684210526314
3 0.5871710526315789 0.4465460526315789 0.4630847953216374 0.02412280701754386
0 0.464546783625731 0.4683388157894737 0.6228070175438596 0.023848684210526314
3 0.6032529239766081 0.5009594298245614 0.45211988304093564 0.03426535087719298
0 0.4926900584795321 0.5626370614035088 0.6944444444444444 0.08908991228070175
1 0.4859283625730994 0.7572642543859649 0.5376461988304093 0.27055921052631576
