0 0.12755847953216373 0.028234649122807015 0.06432748538011696 0.021929824561403508
0 0.49744152046783624 0.02933114035087719 0.3742690058479532 0.021929824561403508
0 0.879751461988304 0.023300438596491228 0.03654970760233918 0.01644736842105263
0 0.2949561403508772 0.06990131578947369 0.39327485380116955 0.03508771929824561
0 0.17580409356725146 0.10279605263157894 0.15497076023391812 0.015350877192982455
0 0.2949561403508772 0.18832236842105263 0.39327485380116955 0.1513157894736842
0 0.7152777777777778 0.15597587719298245 0.38888888888888884 0.2138157894736842
0 0.508406432748538 0.28481359649122806 0.3084795321637427 0.015350877192982455
0 0.5142543859649122 0.3067434210526316 0.4371345029239766 0.019736842105263157
2 0.5098684210526315 0.41858552631578944 0.6798245614035088 0.1820175438596491
0 0.29934210526315785 0.5742872807017544 0.402046783625731 0.10307017543859648
0 0.7313596491228069 0.5693530701754386 0.39766081871345027 0.10416666666666666
1 0.5208333333333333 0.685032894736842 0.7865497076023391 0.09649122807017543
0 0.5237573099415205 0.7639802631578947 0.11695906432748537 0.03508771929824561
1 0.5259502923976608 0.8516995614035088 0.7909356725146198 0.10526315789473684
0 0.5244883040935672 0.9328399122807017 0.1067251461988304 0.03728070175438596
