0 0.4806286549707602 0.09594298245614034 0.7704678362573099 0.06743421052631579
0 0.4775219298245614 0.18283991228070173 0.7825292397660818 0.10635964912280702
0 0.4926900584795321 0.6847587719298245 0.804093567251462 0.07291666666666666
0 0.49122807017543857 0.7813870614035088 0.8223684210526315 0.07648026315789473
0 0.4409722222222222 0.8903508771929824 0.6363304093567251 0.03453947368421052
0 0.9466374269005847 0.8452576754385964 0.03654970760233918 0.023848684210526314
0 0.9541301169590642 0.9004934210526315 0.042763157894736836 0.05482456140350877
0 0.8718932748538011 0.9554550438596491 0.11878654970760233 0.022752192982456138
1 0.47441520467836257 0.43859649122807015 0.45687134502923976 0.40296052631578944
0 0.23464912280701752 0.7350603070175438 0.20833333333333331 0.020559210526315787
1 0.48757309941520466 0.8458059210526315 0.16593567251461988 0.05016447368421052
