0 0.1297514619883041 0.03974780701754386 0.059941520467836254 0.020833333333333332
0 0.5076754385964912 0.03974780701754386 0.3684210526315789 0.027412280701754384
0 0.8994883040935672 0.04139254385964912 0.03508771929824561 0.017543859649122806
0 0.3059210526315789 0.12472587719298245 0.40350877192982454 0.125
0 0.1684941520467836 0.19654605263157893 0.12573099415204678 0.01425438596491228
0 0.3088450292397661 0.2464364035087719 0.39473684210526316 0.08333333333333333
3 0.30372807017543857 0.30783991228070173 0.12134502923976608 0.03289473684210526
0 0.3110380116959064 0.4163925438596491 0.40789473684210525 0.1820175438596491
3 0.31323099415204675 0.5265899122807017 0.26900584795321636 0.03399122807017543
0 0.285453216374269 0.560032894736842 0.2777777777777778 0.019736842105263157
3 0.3117690058479532 0.5858004385964912 0.13157894736842105 0.03399122807017543
0 0.3161549707602339 0.6779057017543859 0.40350877192982454 0.1370614035087719
3 0.3212719298245614 0.7689144736842105 0.141812865497076 0.029605263157894735
0 0.25109649122807015 0.7946820175438596 0.26169590643274854 0.019736842105263157
3 0.3220029239766082 0.8259320175438596 0.3070175438596491 0.042763157894736836
0 0.3212719298245614 0.8703399122807017 0.3961988304093567 0.041666666666666664
0 0.1867690058479532 0.9059758771929824 0.12134502923976608 0.01864035087719298
0 0.32711988304093564 0.9410635964912281 0.3991228070175438 0.0625
0 0.7320906432748537 0.19270833333333331 0.39327485380116955 0.256578947368421
0 0.6560672514619883 0.3549890350877193 0.2324561403508772 0.02631578947368421
0 0.6034356725146198 0.39555921052631576 0.12719298245614036 0.017543859649122806
0 0.741593567251462 0.5205592105263157 0.391812865497076 0.23464912280701752
1 0.7489035087719298 0.7053179824561403 0.391812865497076 0.09758771929824561
0 0.643640350877193 0.7875548245614035 0.15497076023391812 0.03399122807017543
0 0.8483187134502923 0.7826206140350876 0.14619883040935672 0.03508771929824561
1 0.7532894736842105 0.8637609649122806 0.4005847953216374 0.09210526315789473
0 0.6546052631578947 0.9427083333333333 0.12426900584795321 0.03289473684210526
0 0.8556286549707602 0.9394188596491228 0.08187134502923976 0.039473684210526314
