0 0.46235380116959063 0.018914473684210526 0.2880116959064327 0.027412280701754384
0 0.829312865497076 0.009594298245614034 0.033625730994152045 0.015350877192982455
0 0.4148391812865497 0.07044956140350876 0.7163742690058479 0.049342105263157895
3 0.47331871345029236 0.1137609649122807 0.2982456140350877 0.05043859649122807
0 0.481359649122807 0.17900219298245612 0.8494152046783625 0.06907894736842105
3 0.47331871345029236 0.2201206140350877 0.2982456140350877 0.02412280701754386
0 0.47697368421052627 0.2650767543859649 0.8406432748538011 0.07894736842105263
3 0.4725877192982456 0.31606359649122806 0.17982456140350878 0.023026315789473683
0 0.07054093567251461 0.3445723684210526 0.024853801169590642 0.023026315789473683
3 0.46966374269005845 0.36156798245614036 0.19736842105263158 0.02631578947368421
0 0.47989766081871343 0.397203947368421 0.8494152046783625 0.05153508771929824
3 0.47697368421052627 0.434484649122807 0.1564327485380117 0.025219298245614034
0 0.21673976608187134 0.4739583333333333 0.3260233918128655 0.038377192982456135
3 0.4777046783625731 0.5052083333333333 0.3508771929824561 0.019736842105263157
0 0.08150584795321637 0.534265350877193 0.049707602339181284 0.020833333333333332
3 0.4755116959064327 0.5540021929824561 0.22368421052631576 0.023026315789473683
0 0.48282163742690054 0.6181469298245613 0.7763157894736842 0.09649122807017543
1 0.48793859649122806 0.7848135964912281 0.4269005847953216 0.22587719298245612
0 0.48793859649122806 0.9180372807017544 0.09649122807017543 0.025219298245614034
0 0.4923245614035087 0.953125 0.8625730994152047 0.0537280701754386
