0 0.4682017543859649 0.028782894736842105 0.29678362573099415 0.025219298245614034
0 0.825657894736842 0.020559210526315787 0.02631578947368421 0.019736842105263157
0 0.17945906432748537 0.0737390350877193 0.1695906432748538 0.023026315789473683
0 0.8483187134502923 0.09402412280701754 0.07456140350877193 0.021929824561403508
0 0.4294590643274854 0.15158991228070173 0.7280701754385964 0.03618421052631579
0 0.8541666666666666 0.17900219298245612 0.08625730994152046 0.020833333333333332
0 0.4762426900584795 0.2431469298245614 0.8216374269005847 0.07456140350877193
0 0.8570906432748537 0.2963267543859649 0.06871345029239766 0.020833333333333332
0 0.47916666666666663 0.36101973684210525 0.8216374269005847 0.0756578947368421
0 0.42434210526315785 0.9185855263157894 0.6447368421052632 0.02412280701754386
0 0.5142543859649122 0.9690241228070174 0.8011695906432748 0.021929824561403508
3 0.471125730994152 0.10608552631578946 0.23830409356725146 0.041666666666666664
3 0.47039473684210525 0.18722587719298245 0.39766081871345027 0.02631578947368421
3 0.47331871345029236 0.30509868421052627 0.39473684210526316 0.027412280701754384
1 0.4725877192982456 0.4651864035087719 0.46637426900584794 0.13486842105263158
1 0.48428362573099415 0.6302083333333333 0.7178362573099415 0.15350877192982454
1 0.48355263157894735 0.7902960526315789 0.27192982456140347 0.1600877192982456
0 0.48647660818713445 0.8933662280701754 0.3391812865497076 0.021929824561403508
3 0.48355263157894735 0.9421600877192982 0.5321637426900585 0.025219298245614034
