0 0.19261695906432746 0.03481359649122807 0.12719298245614036 0.03289473684210526
0 0.5668859649122807 0.023300438596491228 0.29970760233918126 0.03399122807017543
0 0.9148391812865496 0.02987938596491228 0.08333333333333333 0.044956140350877194
0 0.5573830409356725 0.0962171052631579 0.6052631578947368 0.039473684210526314
0 0.3512426900584795 0.14720394736842105 0.0847953216374269 0.03399122807017543
0 0.47916666666666663 0.1439144736842105 0.08625730994152046 0.029605263157894735
0 0.6158625730994152 0.1444627192982456 0.08187134502923976 0.03289473684210526
0 0.7525584795321637 0.14117324561403508 0.08625730994152046 0.03070175438596491
0 0.5529970760233918 0.2294407894736842 0.783625730994152 0.11513157894736842
0 0.5515350877192983 0.33415570175438597 0.783625730994152 0.05043859649122807
0 0.33516081871345027 0.37472587719298245 0.34502923976608185 0.015350877192982455
0 0.6699561403508771 0.371984649122807 0.16666666666666666 0.020833333333333332
0 0.5559210526315789 0.4147478070175438 0.6345029239766081 0.025219298245614034
0 0.5464181286549707 0.4520285087719298 0.43128654970760233 0.023026315789473683
0 0.552266081871345 0.6044407894736842 0.7733918128654971 0.24232456140350875
0 0.5529970760233918 0.7875548245614035 0.7660818713450293 0.08442982456140351
0 0.3388157894736842 0.9180372807017544 0.39327485380116955 0.1282894736842105
0 0.7657163742690059 0.9141995614035088 0.3961988304093567 0.14473684210526316
