0 0.15899122807017543 0.026589912280701754 0.03070175438596491 0.01644736842105263
0 0.5720029239766081 0.016721491228070175 0.2134502923976608 0.01864035087719298
0 0.9389619883040935 0.02987938596491228 0.03508771929824561 0.029605263157894735
0 0.3388157894736842 0.16091008771929824 0.41081871345029236 0.23026315789473684
0 0.22551169590643275 0.28810307017543857 0.18128654970760233 0.017543859649122806
0 0.34173976608187134 0.3577302631578947 0.4049707602339181 0.11732456140350876
0 0.34466374269005845 0.465734649122807 0.3845029239766082 0.05043859649122807
2 0.34100877192982454 0.5353618421052632 0.391812865497076 0.08223684210526315
0 0.3432017543859649 0.7151864035087719 0.3991228070175438 0.23793859649122806
1 0.34100877192982454 0.8867872807017544 0.391812865497076 0.07017543859649122
0 0.3388157894736842 0.9459978070175438 0.13304093567251463 0.03728070175438596
1 0.764985380116959 0.09786184210526315 0.3830409356725146 0.07346491228070175
0 0.7839912280701754 0.15487938596491227 0.11695906432748537 0.04057017543859649
1 0.7657163742690059 0.2206688596491228 0.381578947368421 0.06907894736842105
0 0.785453216374269 0.2689144736842105 0.09649122807017543 0.01864035087719298
1 0.7671783625730993 0.3237390350877193 0.3874269005847953 0.0712719298245614
0 0.7803362573099415 0.37362938596491224 0.097953216374269 0.019736842105263157
1 0.7664473684210525 0.42680921052631576 0.38888888888888884 0.0625
0 0.7803362573099415 0.48163377192982454 0.0891812865497076 0.020833333333333332
0 0.7722953216374269 0.5205592105263157 0.3567251461988304 0.041666666666666664
0 0.6706871345029239 0.5616776315789473 0.20321637426900585 0.023026315789473683
0 0.7715643274853801 0.6773574561403508 0.39327485380116955 0.20833333333333331
0 0.7774122807017544 0.815515350877193 0.3669590643274854 0.05701754385964912
2 0.768640350877193 0.9098135964912281 0.3874269005847953 0.14035087719298245
