0 0.4857456140350877 0.03207236842105263 0.19444444444444442 0.029605263157894735
0 0.8402777777777777 0.02549342105263158 0.038011695906432746 0.01644736842105263
0 0.19480994152046782 0.07428728070175439 0.1593567251461988 0.02412280701754386
0 0.33808479532163743 0.09950657894736842 0.44298245614035087 0.02850877192982456
3 0.4850146198830409 0.13075657894736842 0.1695906432748538 0.03399122807017543
0 0.1472953216374269 0.16145833333333331 0.05847953216374269 0.020833333333333332
0 0.8636695906432748 0.12088815789473684 0.07894736842105263 0.027412280701754384
3 0.48647660818713445 0.18996710526315788 0.26900584795321636 0.038377192982456135
0 0.24524853801169588 0.22341008771929824 0.3421052631578947 0.02631578947368421
3 0.4850146198830409 0.2552083333333333 0.6666666666666666 0.041666666666666664
0 0.4930555555555555 0.3105811403508772 0.8143274853801169 0.06907894736842105
0 0.28252923976608185 0.3588267543859649 0.33187134502923976 0.023026315789473683
0 0.08516081871345028 0.41858552631578944 0.03654970760233918 0.019736842105263157
0 0.2759502923976608 0.49917763157894735 0.3421052631578947 0.049342105263157895
0 0.4923245614035087 0.5819627192982456 0.8450292397660818 0.06798245614035087
0 0.2496345029239766 0.6702302631578947 0.36257309941520466 0.025219298245614034
0 0.15679824561403508 0.7376644736842105 0.1769005847953216 0.02850877192982456
0 0.2094298245614035 0.8007127192982456 0.293859649122807 0.027412280701754384
0 0.44919590643274854 0.9306469298245613 0.7675438596491228 0.03289473684210526
0 0.3987573099415204 0.966282894736842 0.6023391812865497 0.029605263157894735
0 0.8782894736842105 0.8993969298245613 0.07309941520467836 0.020833333333333332
0 0.8709795321637427 0.5364583333333333 0.07017543859649122 0.020833333333333332
3 0.4923245614035087 0.3900767543859649 0.7309941520467835 0.03289473684210526
3 0.4806286549707602 0.4525767543859649 0.347953216374269 0.039473684210526314
3 0.48647660818713445 0.5375548245614035 0.2777777777777778 0.025219298245614034
3 0.4820906432748538 0.6400767543859649 0.49707602339181284 0.041666666666666664
3 0.4857456140350877 0.7053179824561403 0.6008771929824561 0.03618421052631579
3 0.48647660818713445 0.7700109649122806 0.6023391812865497 0.03179824561403509
3 0.4820906432748538 0.8314144736842105 0.5555555555555556 0.03399122807017543
0 0.29276315789473684 0.865953947368421 0.37280701754385964 0.02850877192982456
3 0.4850146198830409 0.8999451754385964 0.2982456140350877 0.02850877192982456
