0 0.5361842105263157 0.021655701754385963 0.09502923976608187 0.03508771929824561
0 0.47039473684210525 0.0693530701754386 0.7149122807017544 0.0625
1 0.15533625730994152 0.14610745614035087 0.14619883040935672 0.07346491228070175
0 0.15314327485380116 0.31880482456140347 0.13596491228070173 0.21052631578947367
0 0.3125 0.26781798245614036 0.15058479532163743 0.31469298245614036
0 0.6224415204678362 0.17790570175438594 0.4605263157894737 0.13486842105263158
1 0.6151315789473684 0.3681469298245614 0.4400584795321637 0.22368421052631576
1 0.22843567251461988 0.5309758771929824 0.3070175438596491 0.1918859649122807
0 0.29568713450292394 0.6521381578947368 0.4298245614035088 0.05043859649122807
1 0.09173976608187134 0.6943530701754386 0.04532163742690058 0.03179824561403509
0 0.14583333333333331 0.790844298245614 0.15350877192982454 0.23355263157894735
1 0.30007309941520466 0.7546600877192982 0.14912280701754385 0.16557017543859648
0 0.29934210526315785 0.8813048245614035 0.14766081871345027 0.046052631578947366
0 0.45285087719298245 0.7902960526315789 0.141812865497076 0.22807017543859648
0 0.6144005847953216 0.5435855263157895 0.4298245614035088 0.03289473684210526
0 0.45942982456140347 0.5951206140350876 0.14619883040935672 0.04824561403508772
0 0.6882309941520467 0.6165021929824561 0.3055555555555555 0.11293859649122806
0 0.6875 0.7837171052631579 0.2982456140350877 0.20394736842105263
0 0.30007309941520466 0.9438048245614035 0.45321637426900585 0.07675438596491227
0 0.6458333333333333 0.9322916666666666 0.22368421052631576 0.11074561403508772
