0 0.4579678362573099 0.03481359649122807 0.1915204678362573 0.02412280701754386
0 0.8154239766081871 0.023300438596491228 0.03508771929824561 0.020833333333333332
0 0.19846491228070173 0.07922149122807016 0.2894736842105263 0.023026315789473683
3 0.46235380116959063 0.09676535087719297 0.1769005847953216 0.029605263157894735
0 0.4777046783625731 0.1680372807017544 0.8596491228070176 0.12609649122807018
3 0.46893274853801165 0.24205043859649122 0.29239766081871343 0.021929824561403508
0 0.22916666666666666 0.27604166666666663 0.283625730994152 0.02412280701754386
3 0.2182017543859649 0.30893640350877194 0.2529239766081871 0.041666666666666664
3 0.14510233918128654 0.35060307017543857 0.10087719298245613 0.03728070175438596
0 0.2949561403508772 0.3796600877192982 0.4093567251461988 0.01864035087719298
0 0.2679093567251462 0.4350328947368421 0.3464912280701754 0.021929824561403508
0 0.10051169590643275 0.5068530701754386 0.0847953216374269 0.020833333333333332
0 0.15826023391812866 0.5605811403508771 0.12134502923976608 0.023026315789473683
0 0.45650584795321636 0.5858004385964912 0.7119883040935672 0.038377192982456135
0 0.2320906432748538 0.653782894736842 0.26608187134502925 0.029605263157894735
0 0.2094298245614035 0.7223135964912281 0.3055555555555555 0.021929824561403508
0 0.17068713450292397 0.7919407894736842 0.2134502923976608 0.03399122807017543
0 0.1684941520467836 0.8632127192982456 0.2178362573099415 0.025219298245614034
0 0.0756578947368421 0.9191337719298245 0.03508771929824561 0.01864035087719298
0 0.4331140350877193 0.9695723684210525 0.6827485380116959 0.029605263157894735
0 0.8775584795321637 0.6110197368421052 0.07456140350877193 0.025219298245614034
3 0.4718567251461988 0.4043311403508772 0.3508771929824561 0.03070175438596491
3 0.4762426900584795 0.46354166666666663 0.3713450292397661 0.03728070175438596
3 0.47989766081871343 0.5216557017543859 0.3464912280701754 0.02850877192982456
3 0.47697368421052627 0.6208881578947368 0.29678362573099415 0.03618421052631579
3 0.4777046783625731 0.6839364035087719 0.45321637426900585 0.041666666666666664
3 0.4857456140350877 0.7546600877192982 0.4195906432748538 0.04057017543859649
3 0.4901315789473684 0.8270285087719298 0.5453216374269005 0.044956140350877194
3 0.4945175438596491 0.8851425438596491 0.4195906432748538 0.038377192982456135
3 0.4959795321637427 0.9377741228070174 0.2909356725146199 0.03399122807017543
