0 0.3285818713450292 0.05071271929824561 0.5833333333333333 0.03399122807017543
0 0.47697368421052627 0.01507675438596491 0.14327485380116958 0.02850877192982456
0 0.3300438596491228 0.1680372807017544 0.5950292397660818 0.18092105263157893
0 0.24378654970760233 0.2859100877192982 0.4400584795321637 0.03289473684210526
0 0.25182748538011696 0.3993969298245614 0.45906432748538006 0.1962719298245614
0 0.5515350877192983 0.3824013157894737 0.1695906432748538 0.22807017543859648
0 0.7891081871345029 0.03700657894736842 0.2675438596491228 0.02631578947368421
0 0.8073830409356725 0.24205043859649122 0.3157894736842105 0.37938596491228066
0 0.721125730994152 0.4465460526315789 0.14035087719298245 0.023026315789473683
0 0.7218567251461988 0.48547149122807015 0.14766081871345027 0.041666666666666664
0 0.8841374269005847 0.465734649122807 0.16228070175438597 0.07017543859649122
0 0.40314327485380114 0.5589364035087719 0.6944444444444444 0.039473684210526314
0 0.3614766081871345 0.5227521929824561 0.5906432748538011 0.03070175438596491
0 0.3300438596491228 0.7036732456140351 0.6330409356725146 0.22807017543859648
0 0.4857456140350877 0.9098135964912281 0.32456140350877194 0.17543859649122806
0 0.7225877192982456 0.8983004385964912 0.15789473684210525 0.1699561403508772
0 0.8994883040935672 0.7579495614035088 0.15204678362573099 0.45942982456140347
1 0.7225877192982456 0.6735197368421052 0.15789473684210525 0.18092105263157893
1 0.16410818713450293 0.8944627192982456 0.283625730994152 0.1425438596491228
