0 0.17288011695906433 0.05071271929824561 0.024853801169590642 0.01644736842105263
0 0.5317982456140351 0.04029605263157895 0.1286549707602339 0.019736842105263157
0 0.160453216374269 0.08799342105263157 0.07602339181286549 0.01864035087719298
0 0.34100877192982454 0.15158991228070173 0.35526315789473684 0.020833333333333332
0 0.5281432748538012 0.22176535087719296 0.8114035087719298 0.0712719298245614
0 0.5339912280701754 0.4295504385964912 0.7470760233918128 0.06578947368421052
0 0.160453216374269 0.49972587719298245 0.08771929824561403 0.02412280701754386
0 0.18019005847953215 0.5496162280701754 0.13304093567251463 0.01864035087719298
0 0.5274122807017544 0.6565241228070176 0.8245614035087718 0.13596491228070173
0 0.5259502923976608 0.7447916666666666 0.41812865497076024 0.025219298245614034
3 0.5310672514619883 0.1137609649122807 0.26169590643274854 0.03508771929824561
3 0.5281432748538012 0.4794407894736842 0.1067251461988304 0.020833333333333332
3 0.5266812865497076 0.5271381578947368 0.0804093567251462 0.017543859649122806
3 0.5244883040935672 0.5742872807017544 0.2134502923976608 0.02412280701754386
0 0.3285818713450292 0.37746710526315785 0.20175438596491227 0.023026315789473683
0 0.7320906432748537 0.37801535087719296 0.27192982456140347 0.02412280701754386
3 0.5325292397660818 0.17351973684210525 0.20321637426900585 0.01864035087719298
0 0.9046052631578947 0.17845394736842105 0.049707602339181284 0.019736842105263157
1 0.33442982456140347 0.309484649122807 0.2543859649122807 0.09320175438596491
1 0.7284356725146198 0.29358552631578944 0.3026315789473684 0.06798245614035087
2 0.5317982456140351 0.8719846491228069 0.567251461988304 0.2357456140350877
