0 0.464546783625731 0.03262061403508772 0.283625730994152 0.02412280701754386
0 0.8475877192982456 0.021107456140350877 0.023391812865497075 0.023026315789473683
1 0.46966374269005845 0.07976973684210525 0.41081871345029236 0.02850877192982456
0 0.5040204678362573 0.10882675438596491 0.19005847953216373 0.01644736842105263
0 0.46893274853801165 0.13733552631578946 0.16666666666666666 0.01864035087719298
0 0.4747807017543859 0.19654605263157893 0.8742690058479532 0.10855263157894736
0 0.1611842105263158 0.2754934210526316 0.24122807017543857 0.023026315789473683
0 0.19919590643274854 0.3144188596491228 0.24707602339181284 0.019736842105263157
3 0.4820906432748538 0.3456688596491228 0.33040935672514615 0.038377192982456135
0 0.8819444444444444 0.3368969298245614 0.07456140350877193 0.020833333333333332
0 0.48720760233918126 0.39665570175438597 0.881578947368421 0.06140350877192982
1 0.4886695906432748 0.5063048245614035 0.4605263157894737 0.14912280701754385
0 0.48720760233918126 0.6055372807017544 0.20614035087719296 0.01864035087719298
0 0.1699561403508772 0.6483004385964912 0.2529239766081871 0.023026315789473683
0 0.49671052631578944 0.7075109649122807 0.8859649122807017 0.07785087719298245
3 0.4923245614035087 0.7711074561403508 0.21637426900584794 0.04057017543859649
0 0.9031432748538011 0.766173245614035 0.07309941520467836 0.021929824561403508
0 0.5010964912280701 0.8242872807017544 0.8771929824561403 0.05263157894736842
1 0.5003654970760234 0.9339364035087718 0.4195906432748538 0.11842105263157894
