1 0.4989035087719298 0.01288377192982456 0.14327485380116958 0.019736842105263157
1 0.34978070175438597 0.0512609649122807 0.5760233918128654 0.03508771929824561
1 0.356359649122807 0.12088815789473684 0.5921052631578947 0.08662280701754385
0 0.11878654970760233 0.5885416666666666 0.13157894736842105 0.8201754385964912
0 0.8249269005847952 0.5172697368421052 0.33040935672514615 0.962719298245614
0 0.4148391812865497 0.45805921052631576 0.4400584795321637 0.04824561403508772
0 0.41191520467836257 0.48053728070175433 0.2149122807017544 0.023026315789473683
0 0.4192251461988304 0.5359100877192983 0.4722222222222222 0.09649122807017543
0 0.42068713450292394 0.6137609649122807 0.445906432748538 0.05043859649122807
0 0.4192251461988304 0.8188048245614035 0.4634502923976608 0.3530701754385965
1 0.4192251461988304 0.28755482456140347 0.4605263157894737 0.22916666666666666
0 0.42507309941520466 0.4136513157894737 0.4400584795321637 0.020833333333333332
