0 0.4714912280701754 0.09141995614035087 0.6703216374269005 0.021655701754385963
0 0.3046418128654971 0.16570723684210525 0.3366228070175438 0.019462719298245612
0 0.32821637426900585 0.2118969298245614 0.38669590643274854 0.023026315789473683
0 0.4714912280701754 0.2970120614035088 0.7002923976608186 0.0512609649122807
0 0.4722222222222222 0.38322368421052627 0.7083333333333333 0.07072368421052631
0 0.3421052631578947 0.4836896929824561 0.435672514619883 0.018366228070175437
0 0.3055555555555555 0.5590734649122807 0.38084795321637427 0.02494517543859649
0 0.22551169590643275 0.634594298245614 0.2361111111111111 0.029605263157894735
0 0.29952485380116955 0.7053179824561403 0.3746345029239766 0.027412280701754384
0 0.2574926900584795 0.7864583333333333 0.3154239766081871 0.027412280701754384
0 0.35964912280701755 0.8663651315789473 0.5102339181286549 0.03207236842105263
3 0.5604897660818713 0.125 0.4886695906432748 0.043311403508771926
3 0.6030701754385964 0.18777412280701752 0.418859649122807 0.027412280701754384
3 0.5553728070175439 0.2445175438596491 0.5208333333333333 0.03782894736842105
3 0.5751096491228069 0.3352521929824561 0.481359649122807 0.020833333333333332
3 0.5758406432748537 0.44709429824561403 0.525219298245614 0.041118421052631575
3 0.567251461988304 0.518640350877193 0.5299707602339181 0.0400219298245614
3 0.5551900584795322 0.5969024122807017 0.5694444444444444 0.04797149122807017
3 0.5604897660818713 0.6733826754385964 0.5588450292397661 0.04577850877192982
3 0.5710891812865497 0.7486293859649122 0.5559210526315789 0.05482456140350877
3 0.5581140350877193 0.8275767543859649 0.6030701754385964 0.043311403508771926
