0 0.133406432748538 0.046875 0.06432748538011696 0.021929824561403508
0 0.514985380116959 0.04468201754385965 0.4649122807017544 0.02850877192982456
0 0.9148391812865496 0.04358552631578947 0.033625730994152045 0.021929824561403508
1 0.5237573099415205 0.1526864035087719 0.7982456140350876 0.1370614035087719
0 0.5274122807017544 0.23930921052631576 0.2704678362573099 0.025219298245614034
0 0.5266812865497076 0.2579495614035088 0.38596491228070173 0.023026315789473683
0 0.5288742690058479 0.29523026315789475 0.15058479532163743 0.01644736842105263
0 0.5266812865497076 0.3144188596491228 0.45906432748538006 0.021929824561403508
0 0.30665204678362573 0.35334429824561403 0.29678362573099415 0.01864035087719298
0 0.31396198830409355 0.38185307017543857 0.4195906432748538 0.03399122807017543
2 0.30957602339181284 0.4564144736842105 0.29970760233918126 0.11513157894736842
0 0.3161549707602339 0.6609100877192982 0.41812865497076024 0.26096491228070173
0 0.7489035087719298 0.36156798245614036 0.4064327485380117 0.03728070175438596
0 0.6524122807017544 0.39501096491228066 0.21929824561403508 0.020833333333333332
0 0.7598684210526315 0.5940241228070176 0.4225146198830409 0.3771929824561403
0 0.54203216374269 0.8138706140350876 0.2704678362573099 0.01644736842105263
0 0.54203216374269 0.8341557017543859 0.4722222222222222 0.010964912280701754
2 0.5442251461988303 0.9048793859649122 0.8830409356725146 0.12390350877192982
