0 0.4586988304093567 0.04303728070175438 0.29532163742690054 0.023026315789473683
0 0.8241959064327485 0.03262061403508772 0.02631578947368421 0.015350877192982455
3 0.33077485380116955 0.0868969298245614 0.29678362573099415 0.025219298245614034
0 0.6977339181286549 0.07593201754385964 0.17982456140350878 0.025219298245614034
0 0.3958333333333333 0.10718201754385964 0.5847953216374269 0.02850877192982456
0 0.8439327485380117 0.11430921052631578 0.07163742690058479 0.01864035087719298
3 0.4630847953216374 0.12911184210526316 0.19298245614035087 0.019736842105263157
0 0.25548245614035087 0.15707236842105263 0.38888888888888884 0.027412280701754384
1 0.46600877192982454 0.20148026315789472 0.3128654970760234 0.02850877192982456
0 0.4674707602339181 0.24095394736842105 0.21929824561403508 0.019736842105263157
0 0.47916666666666663 0.30235745614035087 0.8362573099415205 0.10526315789473684
1 0.4820906432748538 0.4152960526315789 0.5204678362573099 0.11184210526315788
0 0.47404970760233917 0.48601973684210525 0.24415204678362573 0.01864035087719298
0 0.17141812865497075 0.5117872807017544 0.14766081871345027 0.017543859649122806
3 0.4820906432748538 0.5315241228070176 0.5701754385964912 0.02631578947368421
0 0.3848684210526316 0.5583881578947368 0.6447368421052632 0.027412280701754384
3 0.481359649122807 0.5792214912280701 0.20321637426900585 0.023026315789473683
0 0.258406432748538 0.6038925438596491 0.39473684210526316 0.02412280701754386
3 0.481359649122807 0.6269188596491228 0.5073099415204678 0.021929824561403508
0 0.3709795321637427 0.6548793859649122 0.6169590643274854 0.025219298245614034
1 0.4857456140350877 0.7129934210526315 0.5365497076023391 0.07346491228070175
0 0.48647660818713445 0.766173245614035 0.23976608187134502 0.017543859649122806
0 0.4886695906432748 0.8116776315789473 0.42543859649122806 0.027412280701754384
0 0.2913011695906433 0.872532894736842 0.4634502923976608 0.02850877192982456
0 0.498172514619883 0.9202302631578947 0.8508771929824561 0.042763157894736836
3 0.49671052631578944 0.9657346491228069 0.22807017543859648 0.043859649122807015
