0 0.4714912280701754 0.09018640350877193 0.652046783625731 0.02631578947368421
0 0.4714912280701754 0.21696820175438594 0.6578947368421052 0.07867324561403509
0 0.47295321637426896 0.37129934210526316 0.679093567251462 0.07867324561403509
0 0.4782529239766082 0.48999451754385964 0.6896929824561403 0.13843201754385964
0 0.29696637426900585 0.6174616228070176 0.3366228070175438 0.022752192982456138
0 0.47898391812865493 0.7743969298245613 0.7218567251461988 0.19517543859649122
3 0.5535453216374269 0.13980263157894737 0.48428362573099415 0.06853070175438596
3 0.521016081871345 0.2924890350877193 0.5800438596491228 0.06962719298245613
3 0.5910087719298245 0.5841557017543859 0.4612573099415204 0.041118421052631575
3 0.5888157894736842 0.6546052631578947 0.49049707602339176 0.042214912280701754
