0 0.1297514619883041 0.03865131578947368 0.03654970760233918 0.01644736842105263
0 0.5544590643274854 0.021107456140350877 0.21637426900584794 0.023026315789473683
0 0.9375 0.028234649122807015 0.04678362573099415 0.03070175438596491
0 0.3212719298245614 0.5068530701754386 0.4195906432748538 0.9024122807017544
0 0.7613304093567251 0.2919407894736842 0.4049707602339181 0.4989035087719298
0 0.5975877192982456 0.565515350877193 0.0804093567251462 0.021929824561403508
0 0.8234649122807017 0.6252741228070176 0.2807017543859649 0.09758771929824561
0 0.8205409356725146 0.7667214912280701 0.28654970760233917 0.09758771929824561
0 0.8227339181286549 0.9114583333333333 0.2850877192982456 0.12171052631578946
1 0.6114766081871345 0.6318530701754386 0.10526315789473684 0.10635964912280702
1 0.6129385964912281 0.765625 0.1111111111111111 0.11513157894736842
1 0.6107456140350876 0.9059758771929824 0.11257309941520467 0.11074561403508772
