1 0.13121345029239764 0.0737390350877193 0.15350877192982454 0.13486842105263158
0 0.5676169590643274 0.10279605263157894 0.7076023391812865 0.18640350877192982
0 0.11440058479532163 0.41255482456140347 0.14327485380116958 0.5032894736842105
0 0.5815058479532164 0.23273026315789472 0.6681286549707602 0.05153508771929824
0 0.43384502923976603 0.32922149122807015 0.4546783625730994 0.13486842105263158
1 0.427266081871345 0.5079495614035088 0.45321637426900585 0.21600877192982454
0 0.7993421052631579 0.3769188596491228 0.25584795321637427 0.22149122807017543
0 0.8088450292397661 0.6466557017543859 0.27192982456140347 0.29605263157894735
0 0.19919590643274854 0.8259320175438596 0.30409356725146197 0.2883771929824561
0 0.5105994152046783 0.7354714912280701 0.29532163742690054 0.08771929824561403
0 0.6540570175438596 0.8950109649122806 0.5822368421052632 0.2094298245614035
