0 0.4327485380116959 0.08621162280701754 0.6593567251461988 0.04577850877192982
3 0.6054459064327485 0.11540570175438596 0.5054824561403508 0.02631578947368421
0 0.319078947368421 0.14802631578947367 0.45979532163742687 0.043311403508771926
3 0.6260964912280701 0.17886513157894735 0.47368421052631576 0.020559210526315787
0 0.12426900584795321 0.2021655701754386 0.07602339181286549 0.021655701754385963
3 0.610014619883041 0.21875 0.5241228070175439 0.027412280701754384
3 0.5681652046783625 0.2611019736842105 0.5924707602339181 0.020559210526315787
3 0.475328947368421 0.30441337719298245 0.3212719298245614 0.020559210526315787
3 0.6107456140350876 0.3460800438596491 0.5160818713450293 0.030975877192982455
3 0.6061769005847953 0.38774671052631576 0.5222953216374269 0.020559210526315787
0 0.22478070175438594 0.24328399122807015 0.2134502923976608 0.023848684210526314
0 0.24232456140350875 0.28563596491228066 0.23903508771929824 0.02631578947368421
0 0.09539473684210525 0.32785087719298245 0.03654970760233918 0.02412280701754386
0 0.15844298245614033 0.3752741228070175 0.15679824561403508 0.025219298245614034
0 0.47459795321637427 0.46134868421052627 0.7978801169590642 0.11074561403508772
1 0.48300438596491224 0.6293859649122807 0.5771198830409356 0.2225877192982456
0 0.4782529239766082 0.8445723684210525 0.8329678362573099 0.18969298245614033
0 0.9389619883040935 0.8526589912280701 0.0489766081871345 0.020559210526315787
0 0.9391447368421052 0.9074835526315789 0.04568713450292397 0.059484649122807015
0 0.8675073099415204 0.965049342105263 0.1158625730994152 0.019462719298245612
