1 0.27960526315789475 0.07976973684210525 0.34502923976608185 0.11184210526315788
0 0.28179824561403505 0.14172149122807018 0.27923976608187134 0.020833333333333332
0 0.7196637426900584 0.03865131578947368 0.42397660818713445 0.038377192982456135
0 0.7203947368421052 0.06606359649122806 0.22953216374269003 0.020833333333333332
0 0.5705409356725146 0.11650219298245613 0.14912280701754385 0.07785087719298245
0 0.7240497076023391 0.2617872807017544 0.15497076023391812 0.3640350877192982
0 0.8841374269005847 0.15158991228070173 0.15350877192982454 0.14364035087719298
1 0.8775584795321637 0.26398026315789475 0.13157894736842105 0.06578947368421052
0 0.8841374269005847 0.37417763157894735 0.13304093567251463 0.14802631578947367
0 0.19919590643274854 0.1888706140350877 0.26900584795321636 0.023026315789473683
0 0.3468567251461988 0.2250548245614035 0.5584795321637427 0.05153508771929824
0 0.3505116959064327 0.2645285087719298 0.5014619883040935 0.03399122807017543
0 0.27521929824561403 0.32867324561403505 0.4327485380116959 0.08552631578947367
0 0.5698099415204678 0.3626644736842105 0.14766081871345027 0.1600877192982456
1 0.2715643274853801 0.49862938596491224 0.43128654970760233 0.2324561403508772
0 0.11805555555555555 0.6384320175438596 0.09502923976608187 0.038377192982456135
0 0.34027777777777773 0.640625 0.2850877192982456 0.044956140350877194
0 0.7255116959064327 0.47834429824561403 0.4415204678362573 0.042763157894736836
0 0.7233187134502923 0.5079495614035088 0.27923976608187134 0.020833333333333332
0 0.7255116959064327 0.5923793859649122 0.4678362573099415 0.15021929824561403
0 0.18603801169590642 0.6910635964912281 0.26023391812865493 0.042763157894736836
0 0.18896198830409355 0.8050986842105262 0.26023391812865493 0.1787280701754386
0 0.6458333333333333 0.7058662280701754 0.48391812865497075 0.05921052631578947
0 0.6684941520467836 0.7453399122807017 0.49707602339181284 0.02850877192982456
0 0.7262426900584795 0.7990679824561403 0.4780701754385965 0.09649122807017543
1 0.41191520467836257 0.7754934210526315 0.11842105263157894 0.042763157894736836
0 0.6524122807017544 0.8736293859649122 0.24853801169590642 0.039473684210526314
0 0.6480263157894737 0.9300986842105262 0.30409356725146197 0.08223684210526315
0 0.8739035087719298 0.915844298245614 0.1388888888888889 0.11732456140350876
1 0.10928362573099415 0.9388706140350876 0.13304093567251463 0.06907894736842105
1 0.29203216374269003 0.9410635964912281 0.2149122807017544 0.0625
