0 0.14144736842105263 0.03262061403508772 0.029239766081871343 0.017543859649122806
0 0.5076754385964912 0.0200109649122807 0.20321637426900585 0.023026315789473683
0 0.5032894736842105 0.13952850877192982 0.8464912280701754 0.17434210526315788
3 0.5062134502923976 0.2475328947368421 0.2880116959064327 0.041666666666666664
0 0.24013157894736842 0.28810307017543857 0.2178362573099415 0.02412280701754386
0 0.4375 0.3758223684210526 0.7178362573099415 0.06359649122807018
0 0.3256578947368421 0.49808114035087714 0.4064327485380117 0.029605263157894735
0 0.35562865497076024 0.6428179824561403 0.4780701754385965 0.025219298245614034
0 0.4901315789473684 0.9098135964912281 0.8728070175438596 0.1162280701754386
3 0.5025584795321637 0.4459978070175438 0.28654970760233917 0.06359649122807018
3 0.4996345029239766 0.5715460526315789 0.283625730994152 0.10635964912280702
1 0.5054824561403508 0.7442434210526315 0.7894736842105263 0.1644736842105263
0 0.5018274853801169 0.8445723684210525 0.33187134502923976 0.023026315789473683
