0 0.498172514619883 0.01343201754385965 0.1564327485380117 0.020833333333333332
0 0.35489766081871343 0.04851973684210526 0.5804093567251462 0.03399122807017543
0 0.346125730994152 0.0693530701754386 0.39327485380116955 0.01864035087719298
0 0.3570906432748538 0.14720394736842105 0.5994152046783625 0.12171052631578946
0 0.7342836257309941 0.11650219298245613 0.15497076023391812 0.18092105263157893
0 0.8965643274853801 0.04632675438596491 0.13157894736842105 0.03618421052631579
0 0.9038742690058479 0.13294956140350878 0.14912280701754385 0.13486842105263158
0 0.906798245614035 0.21902412280701752 0.1286549707602339 0.03070175438596491
0 0.906798245614035 0.3270285087719298 0.15204678362573099 0.1875
0 0.9024122807017544 0.434484649122807 0.14619883040935672 0.027412280701754384
0 0.9053362573099415 0.5693530701754386 0.15789473684210525 0.23355263157894735
0 0.906798245614035 0.7042214912280701 0.1286549707602339 0.03179824561403509
0 0.9016812865497076 0.865953947368421 0.1388888888888889 0.2675438596491228
0 0.4192251461988304 0.24095394736842105 0.41081871345029236 0.05482456140350877
0 0.42141812865497075 0.27658991228070173 0.3713450292397661 0.020833333333333332
0 0.19919590643274854 0.5583881578947368 0.28654970760233917 0.5361842105263157
0 0.5741959064327485 0.3527960526315789 0.4634502923976608 0.125
0 0.5778508771929824 0.6806469298245613 0.45906432748538006 0.03508771929824561
0 0.5763888888888888 0.7151864035087719 0.435672514619883 0.029605263157894735
0 0.5785818713450293 0.7826206140350876 0.4722222222222222 0.1074561403508772
0 0.40826023391812866 0.8549890350877193 0.39473684210526316 0.03728070175438596
0 0.34502923976608185 0.928453947368421 0.6016081871345029 0.1425438596491228
0 0.7284356725146198 0.9213267543859649 0.15497076023391812 0.15021929824561403
1 0.5778508771929824 0.5413925438596491 0.4678362573099415 0.23684210526315788
