0 0.33808479532163743 0.03974780701754386 0.6081871345029239 0.044956140350877194
0 0.33223684210526316 0.07044956140350876 0.5730994152046783 0.023026315789473683
0 0.3475877192982456 0.17790570175438594 0.6271929824561403 0.18311403508771928
0 0.2598684210526316 0.30290570175438597 0.445906432748538 0.044956140350877194
0 0.10343567251461988 0.4827302631578947 0.15058479532163743 0.29714912280701755
0 0.3424707602339181 0.3851425438596491 0.3128654970760234 0.10416666666666666
0 0.5807748538011696 0.3582785087719298 0.16374269005847952 0.16666666666666666
0 0.26133040935672514 0.6663925438596491 0.4576023391812865 0.021929824561403508
0 0.26498538011695905 0.7371162280701754 0.4678362573099415 0.10416666666666666
0 0.5822368421052632 0.709703947368421 0.15497076023391812 0.15021929824561403
0 0.8241959064327485 0.035910087719298246 0.22953216374269003 0.05043859649122807
0 0.8234649122807017 0.1263706140350877 0.3128654970760234 0.12609649122807018
0 0.8271198830409356 0.22231359649122806 0.2909356725146199 0.05043859649122807
0 0.829312865497076 0.33963815789473684 0.3128654970760234 0.18640350877192982
0 0.8358918128654971 0.4882127192982456 0.23830409356725146 0.0581140350877193
0 0.8336988304093567 0.6477521929824561 0.3157894736842105 0.26973684210526316
0 0.6151315789473684 0.5649671052631579 0.0891812865497076 0.11951754385964912
1 0.37609649122807015 0.5370065789473684 0.38596491228070173 0.17543859649122806
1 0.5025584795321637 0.8648574561403508 0.9400584795321637 0.1293859649122807
0 0.5062134502923976 0.822094298245614 0.8976608187134503 0.041666666666666664
0 0.5040204678362573 0.9679276315789473 0.9488304093567251 0.041666666666666664
