1 0.5025584795321637 0.04797149122807017 0.2733918128654971 0.08552631578947367
1 0.13267543859649122 0.07538377192982455 0.14473684210526316 0.07017543859649122
0 0.5040204678362573 0.15597587719298245 0.9166666666666666 0.06030701754385964
0 0.21089181286549707 0.20970394736842105 0.3128654970760234 0.023026315789473683
0 0.4141081871345029 0.24698464912280702 0.7251461988304093 0.049342105263157895
0 0.29714912280701755 0.2831688596491228 0.4941520467836257 0.025219298245614034
0 0.42580409356725146 0.3418311403508772 0.7777777777777777 0.08333333333333333
0 0.10051169590643275 0.40158991228070173 0.10964912280701754 0.01864035087719298
0 0.17434210526315788 0.421875 0.26608187134502925 0.02412280701754386
0 0.09612573099415204 0.6175986842105263 0.14766081871345027 0.3475877192982456
0 0.2525584795321637 0.553453947368421 0.15058479532163743 0.22807017543859648
0 0.8951023391812865 0.2606907894736842 0.10526315789473684 0.041666666666666664
0 0.9053362573099415 0.303453947368421 0.1286549707602339 0.03728070175438596
0 0.900219298245614 0.6313048245614035 0.15058479532163743 0.5855263157894737
0 0.39729532163742687 0.6987390350877193 0.3611111111111111 0.04057017543859649
0 0.4184941520467836 0.7552083333333333 0.47368421052631576 0.07894736842105263
0 0.7357456140350876 0.7387609649122807 0.15497076023391812 0.11403508771929824
1 0.575657894736842 0.5320723684210527 0.4780701754385965 0.27960526315789475
0 0.1962719298245614 0.8204495614035088 0.2777777777777778 0.025219298245614034
0 0.4133771929824561 0.8527960526315789 0.7032163742690059 0.04824561403508772
0 0.41776315789473684 0.9246162280701754 0.7909356725146198 0.11951754385964912
0 0.8644005847953216 0.009183114035087718 0.195906432748538 0.018366228070175437
