1 0.2394005847953216 0.07264254385964912 0.3260233918128655 0.10855263157894736
0 0.24378654970760233 0.13733552631578946 0.22660818713450293 0.01864035087719298
0 0.7035818713450293 0.09073464912280702 0.5233918128654971 0.1644736842105263
0 0.37317251461988304 0.23930921052631576 0.631578947368421 0.10197368421052631
0 0.1692251461988304 0.4169407894736842 0.22660818713450293 0.2269736842105263
0 0.3739035087719298 0.5819627192982456 0.641812865497076 0.09210526315789473
0 0.8329678362573099 0.37746710526315785 0.2704678362573099 0.3914473684210526
1 0.4989035087719298 0.4037828947368421 0.391812865497076 0.21600877192982454
1 0.1692251461988304 0.7058662280701754 0.24707602339181284 0.12061403508771928
0 0.6385233918128654 0.7245065789473684 0.6505847953216374 0.1557017543859649
0 0.5010964912280701 0.8944627192982456 0.9137426900584795 0.16228070175438597
