0 0.46600877192982454 0.02768640350877193 0.08625730994152046 0.03618421052631579
0 0.40021929824561403 0.06825657894736842 0.7002923976608186 0.029605263157894735
0 0.1779970760233918 0.1751644736842105 0.2704678362573099 0.15789473684210525
1 0.17580409356725146 0.2870065789473684 0.27485380116959063 0.041666666666666664
0 0.17141812865497075 0.3418311403508772 0.2777777777777778 0.05701754385964912
0 0.08223684210526315 0.5704495614035088 0.12573099415204678 0.3870614035087719
0 0.22916666666666666 0.5243969298245613 0.1388888888888889 0.3015350877192982
0 0.2225877192982456 0.7223135964912281 0.14619883040935672 0.08333333333333333
0 0.5464181286549707 0.16091008771929824 0.45175438596491224 0.1425438596491228
1 0.35782163742690054 0.28152412280701755 0.04532163742690058 0.04824561403508772
0 0.4236111111111111 0.2996162280701754 0.07163742690058479 0.04057017543859649
0 0.39071637426900585 0.3621162280701754 0.13157894736842105 0.07785087719298245
0 0.5369152046783625 0.29358552631578944 0.13157894736842105 0.11403508771929824
0 0.5113304093567251 0.3824013157894737 0.07456140350877193 0.043859649122807015
1 0.5800438596491228 0.37856359649122806 0.054093567251461985 0.05153508771929824
0 0.6926169590643274 0.3215460526315789 0.16228070175438597 0.1699561403508772
0 0.5376461988304093 0.4388706140350877 0.45175438596491224 0.038377192982456135
0 0.46235380116959063 0.5704495614035088 0.3070175438596491 0.2269736842105263
0 0.700657894736842 0.609375 0.14912280701754385 0.1469298245614035
1 0.7013888888888888 0.4942434210526315 0.14473684210526316 0.08114035087719298
0 0.1509502923976608 0.8862390350877193 0.29239766081871343 0.22039473684210525
0 0.45942982456140347 0.7135416666666666 0.29239766081871343 0.046052631578947366
0 0.3819444444444444 0.8297697368421052 0.16374269005847952 0.20614035087719296
0 0.5405701754385964 0.7749451754385964 0.1593567251461988 0.08771929824561403
0 0.7028508771929824 0.7552083333333333 0.1593567251461988 0.1337719298245614
0 0.6257309941520468 0.9120065789473684 0.3121345029239766 0.17543859649122806
1 0.8622076023391813 0.11156798245614034 0.1388888888888889 0.06359649122807018
0 0.8760964912280701 0.572094298245614 0.1695906432748538 0.8486842105263157
