0 0.17507309941520466 0.054002192982456135 0.02631578947368421 0.01425438596491228
0 0.5296052631578947 0.04906798245614035 0.1915204678362573 0.017543859649122806
0 0.5266812865497076 0.11650219298245613 0.8114035087719298 0.06907894736842105
0 0.23866959064327484 0.1768092105263158 0.22660818713450293 0.01864035087719298
0 0.5032894736842105 0.2151864035087719 0.6798245614035088 0.025219298245614034
0 0.9053362573099415 0.2584978070175438 0.05701754385964912 0.05263157894736842
0 0.5296052631578947 0.3670504385964912 0.8084795321637427 0.1513157894736842
3 0.5347222222222222 0.4618969298245614 0.3684210526315789 0.038377192982456135
3 0.5332602339181286 0.25685307017543857 0.29239766081871343 0.05153508771929824
0 0.9075292397660818 0.45805921052631576 0.043859649122807015 0.02412280701754386
0 0.5296052631578947 0.5068530701754386 0.8143274853801169 0.04714912280701754
1 0.3366228070175438 0.609375 0.22953216374269003 0.14912280701754385
1 0.7328216374269005 0.6126644736842105 0.2002923976608187 0.1513157894736842
0 0.33223684210526316 0.709703947368421 0.28216374269005845 0.020833333333333332
0 0.7313596491228069 0.7102521929824561 0.1915204678362573 0.019736842105263157
0 0.5303362573099415 0.7601425438596491 0.8070175438596491 0.0668859649122807
3 0.5274122807017544 0.8253837719298245 0.17251461988304093 0.05482456140350877
0 0.9009502923976608 0.8226425438596491 0.06578947368421052 0.0537280701754386
0 0.5303362573099415 0.878015350877193 0.8011695906432748 0.046052631578947366
0 0.5303362573099415 0.921875 0.13742690058479531 0.03289473684210526
0 0.9031432748538011 0.9196820175438596 0.05847953216374269 0.021929824561403508
0 0.33735380116959063 0.9520285087719298 0.3362573099415205 0.023026315789473683
0 0.5339912280701754 0.978344298245614 0.24122807017543857 0.027412280701754384
0 0.9038742690058479 0.9756030701754386 0.06578947368421052 0.021929824561403508
