0 0.4943347953216374 0.10731907894736842 0.7554824561403508 0.0512609649122807
1 0.495796783625731 0.1976425438596491 0.6063596491228069 0.1425438596491228
0 0.5003654970760234 0.35416666666666663 0.7675438596491228 0.15405701754385964
1 0.527046783625731 0.5197368421052632 0.638157894736842 0.17708333333333331
0 0.5118786549707602 0.6607730263157895 0.7993421052631579 0.06606359649122806
0 0.30098684210526316 0.7202576754385964 0.39290935672514615 0.018366228070175437
0 0.5140716374269005 0.7754934210526315 0.7949561403508771 0.06962719298245613
0 0.4760599415204678 0.8760964912280701 0.6429093567251462 0.12006578947368421
0 0.9502923976608186 0.8497807017543859 0.038011695906432746 0.019188596491228067
0 0.9512061403508771 0.8988486842105262 0.03033625730994152 0.0581140350877193
0 0.868969298245614 0.9560032894736842 0.15826023391812866 0.021655701754385963
