0 0.17434210526315788 0.057291666666666664 0.027777777777777776 0.01864035087719298
0 0.5274122807017544 0.04523026315789473 0.195906432748538 0.025219298245614034
0 0.5274122807017544 0.1488486842105263 0.8070175438596491 0.14473684210526316
0 0.5237573099415205 0.2612390350877193 0.8026315789473684 0.06907894736842105
0 0.18530701754385964 0.35060307017543857 0.12280701754385964 0.02631578947368421
0 0.30665204678362573 0.45367324561403505 0.28654970760233917 0.019736842105263157
0 0.13486842105263158 0.5194627192982456 0.03070175438596491 0.017543859649122806
0 0.44334795321637427 0.5830592105263157 0.5511695906432749 0.02412280701754386
0 0.29203216374269003 0.6455592105263157 0.26023391812865493 0.019736842105263157
0 0.22404970760233917 0.7140899122807017 0.1915204678362573 0.025219298245614034
0 0.27960526315789475 0.7798793859649122 0.3114035087719298 0.020833333333333332
0 0.5361842105263157 0.8736293859649122 0.804093567251462 0.06359649122807018
0 0.2730263157894737 0.953673245614035 0.2982456140350877 0.02631578947368421
0 0.9089912280701754 0.31551535087719296 0.049707602339181284 0.019736842105263157
0 0.9060672514619883 0.3999451754385965 0.049707602339181284 0.05701754385964912
0 0.9111842105263157 0.4827302631578947 0.054093567251461985 0.01864035087719298
0 0.9097222222222222 0.5490679824561403 0.054093567251461985 0.019736842105263157
0 0.9126461988304093 0.6154057017543859 0.059941520467836254 0.020833333333333332
0 0.9111842105263157 0.6817434210526315 0.04824561403508772 0.019736842105263157
0 0.9111842105263157 0.7502741228070176 0.04239766081871345 0.020833333333333332
0 0.9119152046783625 0.9268092105263157 0.05847953216374269 0.020833333333333332
3 0.5310672514619883 0.3171600877192982 0.42836257309941517 0.04057017543859649
3 0.5332602339181286 0.4004934210526316 0.30994152046783624 0.0756578947368421
3 0.5369152046783625 0.490953947368421 0.43128654970760233 0.039473684210526314
3 0.5332602339181286 0.5501644736842105 0.38596491228070173 0.03070175438596491
3 0.5310672514619883 0.6154057017543859 0.24707602339181284 0.03399122807017543
3 0.5332602339181286 0.6828399122807017 0.4619883040935672 0.03728070175438596
3 0.5288742690058479 0.7513706140350876 0.3508771929824561 0.038377192982456135
3 0.5332602339181286 0.8193530701754386 0.22514619883040934 0.04057017543859649
3 0.5296052631578947 0.9262609649122806 0.25584795321637427 0.039473684210526314
