0 0.08150584795321637 0.033717105263157895 0.054093567251461985 0.021929824561403508
0 0.47697368421052627 0.02494517543859649 0.347953216374269 0.02850877192982456
0 0.8812134502923976 0.022752192982456138 0.054093567251461985 0.019736842105263157
0 0.26425438596491224 0.08086622807017543 0.41081871345029236 0.06359649122807018
0 0.26425438596491224 0.14226973684210525 0.2178362573099415 0.019736842105263157
0 0.2671783625730994 0.16419956140350878 0.34941520467836257 0.015350877192982455
2 0.2715643274853801 0.22669956140350875 0.2353801169590643 0.11403508771929824
0 0.27887426900584794 0.37911184210526316 0.41666666666666663 0.14473684210526316
0 0.28691520467836257 0.515625 0.4152046783625731 0.12171052631578946
0 0.14656432748538012 0.5901864035087719 0.12573099415204678 0.01864035087719298
0 0.302266081871345 0.7930372807017544 0.4195906432748538 0.3914473684210526
0 0.7123538011695906 0.27768640350877194 0.42397660818713445 0.4572368421052631
3 0.7247807017543859 0.5194627192982456 0.2353801169590643 0.02631578947368421
0 0.7247807017543859 0.5951206140350876 0.40789473684210525 0.12719298245614036
0 0.6538742690058479 0.6927083333333333 0.24853801169590642 0.02631578947368421
0 0.5946637426900584 0.7387609649122807 0.13011695906432746 0.019736842105263157
0 0.7342836257309941 0.7875548245614035 0.4064327485380117 0.08442982456140351
0 0.6034356725146198 0.8418311403508771 0.13011695906432746 0.017543859649122806
0 0.7423245614035088 0.8878837719298245 0.41081871345029236 0.08333333333333333
3 0.7459795321637427 0.9492872807017544 0.26900584795321636 0.03289473684210526
