1 0.3044590643274854 0.09950657894736842 0.5263157894736842 0.1907894736842105
1 0.7744883040935672 0.21299342105263155 0.34941520467836257 0.26206140350877194
1 0.5332602339181286 0.38733552631578944 0.35526315789473684 0.20723684210526314
1 0.8556286549707602 0.5364583333333333 0.24561403508771928 0.3015350877192982
1 0.5222953216374269 0.6247258771929824 0.33040935672514615 0.21052631578947367
1 0.7510964912280701 0.8566337719298245 0.41666666666666663 0.24232456140350875
0 0.2876461988304093 0.24533991228070173 0.5014619883040935 0.07894736842105263
0 0.1955409356725146 0.3907620614035088 0.31725146198830406 0.21408991228070173
0 0.28179824561403505 0.865953947368421 0.48684210526315785 0.24122807017543857
0 0.285453216374269 0.5090460526315789 0.49634502923976603 0.01644736842105263
0 0.19389619883040934 0.6317160087719298 0.30372807017543857 0.23273026315789472
