1 0.30317982456140347 0.19942434210526314 0.35197368421052627 0.34731359649122806
1 0.7304459064327485 0.15419407894736842 0.5054824561403508 0.24808114035087717
1 0.41739766081871343 0.48834978070175433 0.43128654970760233 0.21463815789473684
1 0.32291666666666663 0.6419956140350876 0.29714912280701755 0.18146929824561403
1 0.7196637426900584 0.609375 0.5087719298245614 0.2445175438596491
1 0.25219298245614036 0.8445723684210525 0.17032163742690057 0.19407894736842105
1 0.5804093567251462 0.8680098684210525 0.5650584795321637 0.2387609649122807
0 0.8855994152046783 0.953125 0.0577485380116959 0.015899122807017545
0 0.766812865497076 0.32661732456140347 0.16154970760233917 0.021655701754385963
0 0.8004385964912281 0.42434210526315785 0.21929824561403508 0.1600877192982456
0 0.2315423976608187 0.09306469298245613 0.1202485380116959 0.018366228070175437
0 0.2849049707602339 0.15871710526315788 0.2269736842105263 0.09703947368421052
1 0.3671418128654971 0.14048793859649122 0.052997076023391806 0.0512609649122807
1 0.8812134502923976 0.3700657894736842 0.05482456140350877 0.0537280701754386
