0 0.4923245614035087 0.023848684210526314 0.13596491228070173 0.02850877192982456
0 0.5062134502923976 0.07922149122807016 0.8011695906432748 0.0625
0 0.3475877192982456 0.13952850877192982 0.5277777777777778 0.038377192982456135
0 0.35562865497076024 0.20586622807017543 0.5409356725146198 0.046052631578947366
0 0.12317251461988303 0.40213815789473684 0.13450292397660818 0.3355263157894737
0 0.4221491228070175 0.5123355263157895 0.4634502923976608 0.11513157894736842
1 0.4221491228070175 0.33360745614035087 0.45175438596491224 0.20285087719298245
0 0.8103070175438596 0.14226973684210525 0.2982456140350877 0.02850877192982456
0 0.8161549707602339 0.41968201754385964 0.32456140350877194 0.5087719298245614
0 0.27229532163742687 0.5973135964912281 0.3684210526315789 0.041666666666666664
0 0.28618421052631576 0.8105811403508771 0.44298245614035087 0.3607456140350877
0 0.5829678362573099 0.7853618421052632 0.15350877192982454 0.4155701754385965
1 0.8220029239766081 0.759594298245614 0.32456140350877194 0.16228070175438597
0 0.8263888888888888 0.8511513157894737 0.2573099415204678 0.025219298245614034
0 0.825657894736842 0.9251644736842105 0.3114035087719298 0.12719298245614036
