0 0.1202485380116959 0.05071271929824561 0.03508771929824561 0.01425438596491228
0 0.5361842105263157 0.035910087719298246 0.2178362573099415 0.02412280701754386
0 0.9250730994152047 0.03536184210526316 0.059941520467836254 0.03399122807017543
0 0.31396198830409355 0.4629934210526315 0.43128654970760233 0.7905701754385964
0 0.7437865497076023 0.16858552631578946 0.41081871345029236 0.21710526315789472
0 0.5829678362573099 0.2996162280701754 0.0804093567251462 0.023026315789473683
0 0.8103070175438596 0.3670504385964912 0.28654970760233917 0.11184210526315788
0 0.8059210526315789 0.5063048245614035 0.283625730994152 0.10964912280701754
0 0.8051900584795321 0.640625 0.2763157894736842 0.10855263157894736
0 0.8073830409356725 0.772203947368421 0.2807017543859649 0.10635964912280702
0 0.7532894736842105 0.8451206140350876 0.4005847953216374 0.03728070175438596
1 0.596125730994152 0.3681469298245614 0.1067251461988304 0.10526315789473684
1 0.5990497076023391 0.5046600877192983 0.10380116959064327 0.10635964912280702
1 0.602704678362573 0.6395285087719298 0.10526315789473684 0.10416666666666666
1 0.6034356725146198 0.7683662280701754 0.10964912280701754 0.10526315789473684
