0 0.5111476608187134 0.08908991228070175 0.7584064327485379 0.06304824561403509
0 0.45632309941520466 0.17543859649122806 0.6487573099415205 0.027412280701754384
0 0.5202850877192983 0.25699013157894735 0.7584064327485379 0.09950657894736842
0 0.5102339181286549 0.5105537280701754 0.8209064327485379 0.4076206140350877
1 0.8033625730994152 0.3808936403508772 0.18274853801169588 0.14610745614035087
0 0.516264619883041 0.8172971491228069 0.8329678362573099 0.20093201754385964
0 0.9672880116959064 0.8308662280701754 0.04714912280701754 0.029605263157894735
0 0.9718567251461988 0.8880208333333333 0.03508771929824561 0.059484649122807015
0 0.8834064327485379 0.942845394736842 0.1388888888888889 0.018366228070175437
3 0.5080409356725146 0.14281798245614033 0.13084795321637427 0.042214912280701754
3 0.5109649122807017 0.19695723684210525 0.20394736842105263 0.018366228070175437
