1 0.31834795321637427 0.14172149122807018 0.5921052631578947 0.27960526315789475
1 0.7964181286549707 0.3204495614035088 0.3435672514619883 0.32785087719298245
1 0.7978801169590642 0.6110197368421052 0.33187134502923976 0.22478070175438594
1 0.7956871345029239 0.8555372807017544 0.32456140350877194 0.2445175438596491
0 0.3110380116959064 0.30783991228070173 0.33479532163742687 0.019736842105263157
0 0.31396198830409355 0.3237390350877193 0.19444444444444442 0.01425438596491228
0 0.31834795321637427 0.6384320175438596 0.5745614035087719 0.5932017543859649
0 0.3336988304093567 0.9690241228070174 0.47953216374269003 0.04824561403508772
0 0.7964181286549707 0.06551535087719298 0.1154970760233918 0.019736842105263157
0 0.91703216374269 0.0556469298245614 0.10818713450292397 0.03728070175438596
