1 0.4894005847953216 0.04961622807017543 0.2733918128654971 0.09100877192982455
0 0.4945175438596491 0.15926535087719298 0.8684210526315789 0.049342105263157895
1 0.14948830409356725 0.08799342105263157 0.14327485380116958 0.0668859649122807
0 0.8307748538011696 0.02549342105263158 0.18421052631578946 0.020833333333333332
0 0.25475146198830406 0.20915570175438594 0.3713450292397661 0.02631578947368421
0 0.41191520467836257 0.24479166666666666 0.685672514619883 0.038377192982456135
0 0.4199561403508772 0.29084429824561403 0.7514619883040935 0.049342105263157895
0 0.1421783625730994 0.3374451754385965 0.19298245614035087 0.021929824561403508
0 0.17726608187134502 0.3730811403508772 0.26608187134502925 0.0537280701754386
0 0.17580409356725146 0.48985745614035087 0.29532163742690054 0.17105263157894735
1 0.5705409356725146 0.43667763157894735 0.47368421052631576 0.2357456140350877
0 0.8929093567251462 0.3138706140350877 0.15058479532163743 0.25109649122807015
0 0.9104532163742689 0.5660635964912281 0.1564327485380117 0.23793859649122806
0 0.9177631578947368 0.8056469298245613 0.15058479532163743 0.22149122807017543
0 0.07931286549707602 0.8040021929824561 0.11988304093567251 0.3782894736842105
0 0.4009502923976608 0.6148574561403508 0.45321637426900585 0.03508771929824561
0 0.4053362573099415 0.6998355263157894 0.4853801169590643 0.13267543859649122
0 0.7328216374269005 0.6762609649122807 0.16666666666666666 0.17763157894736842
0 0.6480263157894737 0.7946820175438596 0.3187134502923976 0.03289473684210526
0 0.6538742690058479 0.9076206140350876 0.32456140350877194 0.15789473684210525
1 0.3212719298245614 0.8752741228070174 0.3114035087719298 0.18311403508771928
0 0.8980263157894737 0.9553179824561403 0.12573099415204678 0.049342105263157895
