0 0.3914473684210526 0.04029605263157895 0.4371345029239766 0.02412280701754386
0 0.3877923976608187 0.07319078947368421 0.5526315789473684 0.046052631578947366
0 0.17214912280701752 0.26726973684210525 0.2850877192982456 0.34429824561403505
0 0.1611842105263158 0.4706688596491228 0.2807017543859649 0.03399122807017543
0 0.16557017543859648 0.5320723684210527 0.29532163742690054 0.08223684210526315
0 0.5551900584795322 0.4591557017543859 0.4634502923976608 0.21710526315789472
0 0.8570906432748537 0.03919956140350877 0.10818713450292397 0.02412280701754386
0 0.8739035087719298 0.3237390350877193 0.16520467836257308 0.5142543859649122
0 0.873172514619883 0.6060855263157895 0.13742690058479531 0.02412280701754386
0 0.8812134502923976 0.7502741228070176 0.14473684210526316 0.2576754385964912
0 0.8702485380116959 0.9229714912280701 0.12280701754385964 0.06798245614035087
0 0.3117690058479532 0.6219846491228069 0.5730994152046783 0.05153508771929824
0 0.3263888888888889 0.8204495614035088 0.6228070175438596 0.33442982456140347
0 0.7101608187134503 0.7804276315789473 0.16228070175438597 0.39035087719298245
1 0.5471491228070176 0.21957236842105263 0.45321637426900585 0.23355263157894735
