0 0.12317251461988303 0.046875 0.049707602339181284 0.021929824561403508
0 0.5040204678362573 0.04906798245614035 0.3845029239766082 0.02412280701754386
0 0.8921783625730993 0.04139254385964912 0.043859649122807015 0.017543859649122806
1 0.5098684210526315 0.13240131578947367 0.7704678362573099 0.08771929824561403
0 0.5142543859649122 0.19873903508771928 0.0804093567251462 0.023026315789473683
1 0.5179093567251462 0.27658991228070173 0.7660818713450293 0.09539473684210525
0 0.5179093567251462 0.340734649122807 0.06432748538011696 0.019736842105263157
0 0.5208333333333333 0.37746710526315785 0.19883040935672514 0.01425438596491228
0 0.5244883040935672 0.3977521929824561 0.3464912280701754 0.015350877192982455
0 0.18311403508771928 0.44380482456140347 0.14912280701754385 0.019736842105263157
0 0.31323099415204675 0.6258223684210525 0.40350877192982454 0.30043859649122806
0 0.32346491228070173 0.8072916666666666 0.14327485380116958 0.020833333333333332
0 0.3205409356725146 0.9032346491228069 0.40350877192982454 0.14473684210526316
0 0.7467105263157894 0.690515350877193 0.4049707602339181 0.5372807017543859
