0 0.44773391812865493 0.03481359649122807 0.2763157894736842 0.02631578947368421
0 0.8029970760233918 0.030975877192982455 0.024853801169590642 0.025219298245614034
0 0.444078947368421 0.09347587719298245 0.19298245614035087 0.027412280701754384
0 0.46016081871345027 0.1938048245614035 0.8421052631578947 0.1469298245614035
0 0.4499269005847953 0.2919407894736842 0.13157894736842105 0.027412280701754384
0 0.2708333333333333 0.3374451754385965 0.3961988304093567 0.02412280701754386
3 0.45211988304093564 0.36759868421052627 0.24415204678362573 0.03399122807017543
0 0.1370614035087719 0.4037828947368421 0.20760233918128654 0.025219298245614034
0 0.44919590643274854 0.4624451754385965 0.8464912280701754 0.09868421052631579
3 0.4499269005847953 0.5304276315789473 0.2222222222222222 0.03728070175438596
0 0.18603801169590642 0.5644188596491228 0.32309941520467833 0.03289473684210526
3 0.1962719298245614 0.6016995614035088 0.24415204678362573 0.03289473684210526
3 0.5632309941520468 0.5962171052631579 0.3026315789473684 0.03508771929824561
3 0.1955409356725146 0.6439144736842105 0.24853801169590642 0.03399122807017543
3 0.5120614035087719 0.6411732456140351 0.20906432748538012 0.039473684210526314
0 0.35782163742690054 0.6735197368421052 0.587719298245614 0.025219298245614034
3 0.45138888888888884 0.7036732456140351 0.32456140350877194 0.04824561403508772
0 0.40021929824561403 0.766173245614035 0.672514619883041 0.07675438596491227
3 0.44773391812865493 0.8231907894736842 0.4371345029239766 0.04824561403508772
0 0.3088450292397661 0.8566337719298245 0.4809941520467836 0.03179824561403509
3 0.45285087719298245 0.8922697368421052 0.24561403508771928 0.041666666666666664
0 0.319078947368421 0.9514802631578947 0.513157894736842 0.07675438596491227
