0 0.4747807017543859 0.03536184210526316 0.28654970760233917 0.027412280701754384
0 0.8329678362573099 0.028234649122807015 0.02631578947368421 0.017543859649122806
0 0.481359649122807 0.11101973684210525 0.8143274853801169 0.10635964912280702
1 0.28179824561403505 0.31606359649122806 0.30994152046783624 0.31688596491228066
1 0.6853070175438596 0.3752741228070175 0.30116959064327486 0.17434210526315788
0 0.2715643274853801 0.48930921052631576 0.23391812865497075 0.023026315789473683
0 0.6853070175438596 0.48547149122807015 0.23684210526315788 0.019736842105263157
0 0.48428362573099415 0.5309758771929824 0.8406432748538011 0.0537280701754386
0 0.8724415204678362 0.5764802631578947 0.06725146198830409 0.019736842105263157
0 0.873172514619883 0.6236293859649122 0.06578947368421052 0.02631578947368421
3 0.4850146198830409 0.5808662280701754 0.283625730994152 0.039473684210526314
3 0.48282163742690054 0.6258223684210525 0.2850877192982456 0.039473684210526314
0 0.48282163742690054 0.6866776315789473 0.861111111111111 0.06030701754385964
3 0.481359649122807 0.7261513157894737 0.25584795321637427 0.027412280701754384
0 0.44188596491228066 0.7552083333333333 0.6944444444444444 0.02412280701754386
3 0.48282163742690054 0.7798793859649122 0.21198830409356723 0.027412280701754384
0 0.19992690058479531 0.8078399122807017 0.30116959064327486 0.02412280701754386
3 0.48428362573099415 0.8407346491228069 0.27923976608187134 0.03508771929824561
1 0.4784356725146199 0.9196820175438596 0.4605263157894737 0.12061403508771928
0 0.4857456140350877 0.9904057017543859 0.2880116959064327 0.01864035087719298
