0 0.42068713450292394 0.21573464912280702 0.7616959064327485 0.3925438596491228
1 0.8804824561403508 0.08744517543859649 0.15204678362573099 0.14473684210526316
0 0.8907163742690059 0.4865679824561403 0.15789473684210525 0.6162280701754386
0 0.8790204678362573 0.8950109649122806 0.13450292397660818 0.1787280701754386
0 0.34466374269005845 0.4421600877192982 0.597953216374269 0.06030701754385964
0 0.2635233918128655 0.49808114035087714 0.435672514619883 0.0581140350877193
1 0.2182017543859649 0.6466557017543859 0.36257309941520466 0.23903508771929824
0 0.43384502923976603 0.7190241228070176 0.07163742690058479 0.08552631578947367
0 0.5654239766081871 0.6252741228070176 0.141812865497076 0.3015350877192982
0 0.7240497076023391 0.5923793859649122 0.14912280701754385 0.3607456140350877
0 0.33223684210526316 0.8056469298245613 0.5614035087719298 0.05043859649122807
0 0.339546783625731 0.9131030701754386 0.6023391812865497 0.16666666666666666
0 0.7152777777777778 0.8840460526315789 0.14619883040935672 0.20285087719298245
