0 0.47404970760233917 0.026589912280701754 0.29970760233918126 0.023026315789473683
0 0.8402777777777777 0.019462719298245612 0.029239766081871343 0.021929824561403508
0 0.4857456140350877 0.2919407894736842 0.8494152046783625 0.47916666666666663
3 0.47989766081871343 0.5611293859649122 0.46929824561403505 0.046052631578947366
0 0.15460526315789472 0.6011513157894737 0.1783625730994152 0.025219298245614034
0 0.1297514619883041 0.6493969298245613 0.14035087719298245 0.01864035087719298
0 0.49086257309941517 0.7108004385964912 0.8538011695906432 0.0537280701754386
0 0.49086257309941517 0.7913925438596491 0.8567251461988303 0.05043859649122807
0 0.4959795321637427 0.9339364035087718 0.8698830409356725 0.125
3 0.48720760233918126 0.6203399122807017 0.1739766081871345 0.02412280701754386
3 0.48647660818713445 0.6735197368421052 0.30116959064327486 0.027412280701754384
3 0.4886695906432748 0.7513706140350876 0.7441520467836257 0.023026315789473683
3 0.4894005847953216 0.8429276315789473 0.6812865497076023 0.05701754385964912
