0 0.4850146198830409 0.01507675438596491 0.26900584795321636 0.019736842105263157
0 0.8600146198830408 0.005893640350877192 0.03070175438596491 0.011787280701754384
0 0.8819444444444444 0.0512609649122807 0.059941520467836254 0.02412280701754386
0 0.40679824561403505 0.09292763157894736 0.685672514619883 0.02412280701754386
0 0.27960526315789475 0.22615131578947367 0.3026315789473684 0.01864035087719298
0 0.6970029239766081 0.2250548245614035 0.29532163742690054 0.020833333333333332
0 0.4930555555555555 0.2902960526315789 0.861111111111111 0.08991228070175439
0 0.4930555555555555 0.38788377192982454 0.26169590643274854 0.02412280701754386
0 0.498172514619883 0.5748355263157895 0.8830409356725146 0.2730263157894737
0 0.2766812865497076 0.9399671052631579 0.2178362573099415 0.023026315789473683
0 0.6860380116959064 0.9355811403508771 0.28216374269005845 0.020833333333333332
0 0.498172514619883 0.9745065789473684 0.3391812865497076 0.021929824561403508
3 0.48793859649122806 0.061677631578947366 0.27192982456140347 0.04057017543859649
1 0.27960526315789475 0.1625548245614035 0.2909356725146199 0.06907894736842105
1 0.6933479532163742 0.1526864035087719 0.25584795321637427 0.08223684210526315
1 0.2913011695906433 0.8303179824561403 0.37573099415204675 0.18530701754385964
1 0.6999269005847952 0.8275767543859649 0.39473684210526316 0.17982456140350878
