0 0.42196637426900585 0.12911184210526316 0.6319444444444444 0.02850877192982456
0 0.3199926900584795 0.15940241228070173 0.42507309941520466 0.016173245614035086
0 0.41666666666666663 0.27987938596491224 0.652046783625731 0.22039473684210525
0 0.24287280701754385 0.4089912280701754 0.3015350877192982 0.02850877192982456
0 0.42799707602339176 0.5031524122807017 0.6593567251461988 0.16200657894736842
0 0.10453216374269006 0.6773574561403508 0.033625730994152045 0.016995614035087717
0 0.11513157894736842 0.7219024122807017 0.0577485380116959 0.01726973684210526
0 0.4296418128654971 0.8304550438596491 0.6838450292397661 0.09237938596491227
3 0.49725877192982454 0.6270559210526315 0.5179093567251462 0.07867324561403509
3 0.5553728070175439 0.6944901315789473 0.41118421052631576 0.03974780701754386
3 0.5469663742690059 0.7556195175438596 0.44919590643274854 0.04577850877192982
