1 0.5010964912280701 0.1839364035087719 0.915204678362573 0.33223684210526316
0 0.16301169590643275 0.2501370614035088 0.10526315789473684 0.01726973684210526
0 0.23008040935672514 0.32675438596491224 0.22112573099415203 0.11074561403508772
0 0.6968201754385964 0.4129660087719298 0.07931286549707602 0.022752192982456138
1 0.31688596491228066 0.2957785087719298 0.0533625730994152 0.05153508771929824
1 0.8589181286549707 0.4618969298245614 0.0533625730994152 0.05482456140350877
0 0.7814327485380117 0.48834978070175433 0.22368421052631576 0.11430921052631578
1 0.4014985380116959 0.5699013157894737 0.6151315789473684 0.3026315789473684
1 0.8393640350877193 0.6555646929824561 0.2664473684210526 0.21354166666666666
1 0.30921052631578944 0.8560855263157894 0.5986842105263157 0.2741228070175438
1 0.7883771929824561 0.8640350877192982 0.36549707602339176 0.2012061403508772
