0 0.29714912280701755 0.11307565789473684 0.2909356725146199 0.07648026315789473
0 0.19883040935672514 0.22450657894736842 0.16154970760233917 0.025219298245614034
0 0.49725877192982454 0.3495065789473684 0.7766812865497076 0.06030701754385964
0 0.5073099415204678 0.8715734649122806 0.8267543859649122 0.11979166666666666
1 0.5255847953216374 0.09539473684210525 0.12353801169590642 0.06633771929824561
1 0.49049707602339176 0.2735745614035088 0.12646198830409355 0.08442982456140351
1 0.4950657894736842 0.5927905701754386 0.6867690058479532 0.4169407894736842
3 0.49652777777777773 0.1839364035087719 0.7540204678362573 0.06524122807017543
0 0.9625365497076023 0.8474506578947368 0.0442251461988304 0.023848684210526314
0 0.9649122807017543 0.9011787280701754 0.03070175438596491 0.06277412280701754
0 0.8888888888888888 0.9617598684210525 0.12792397660818713 0.028782894736842105
