0 0.11513157894736842 0.031524122807017545 0.03654970760233918 0.019736842105263157
0 0.5281432748538012 0.023300438596491228 0.21052631578947367 0.029605263157894735
0 0.9097222222222222 0.022203947368421052 0.05555555555555555 0.029605263157894735
1 0.1918859649122807 0.12198464912280702 0.1871345029239766 0.10416666666666666
0 0.17726608187134502 0.20422149122807015 0.07309941520467836 0.03399122807017543
0 0.3951023391812865 0.20093201754385964 0.07894736842105263 0.03179824561403509
1 0.1918859649122807 0.28755482456140347 0.19298245614035087 0.09758771929824561
1 0.3987573099415204 0.2864583333333333 0.2002923976608187 0.10197368421052631
0 0.17580409356725146 0.36979166666666663 0.13157894736842105 0.03399122807017543
0 0.3921783625730994 0.3670504385964912 0.08187134502923976 0.03728070175438596
1 0.3980263157894737 0.11924342105263157 0.19883040935672514 0.09210526315789473
0 0.30007309941520466 0.4213267543859649 0.20175438596491227 0.038377192982456135
0 0.3015350877192982 0.5677083333333333 0.4093567251461988 0.22807017543859648
3 0.3029970760233918 0.7020285087719298 0.35964912280701755 0.04057017543859649
3 0.20577485380116958 0.7393092105263157 0.1739766081871345 0.023026315789473683
0 0.3044590643274854 0.8670504385964912 0.4093567251461988 0.23684210526315788
0 0.7313596491228069 0.08908991228070175 0.40350877192982454 0.08881578947368421
0 0.5953947368421052 0.14172149122807018 0.1286549707602339 0.01864035087719298
0 0.7379385964912281 0.35060307017543857 0.4049707602339181 0.39473684210526316
0 0.741593567251462 0.5808662280701754 0.4064327485380117 0.03728070175438596
2 0.7437865497076023 0.6740679824561403 0.4049707602339181 0.14473684210526316
0 0.7467105263157894 0.8714364035087718 0.41081871345029236 0.22587719298245612
