0 0.11074561403508772 0.01288377192982456 0.06286549707602339 0.021929824561403508
0 0.5105994152046783 0.013980263157894735 0.38596491228070173 0.02412280701754386
0 0.9243421052631579 0.016173245614035086 0.04093567251461988 0.019736842105263157
0 0.29641812865497075 0.08854166666666666 0.4225146198830409 0.10307017543859648
0 0.30080409356725146 0.18448464912280702 0.40789473684210525 0.0537280701754386
2 0.2986111111111111 0.29797149122807015 0.4152046783625731 0.1337719298245614
0 0.3029970760233918 0.4624451754385965 0.4152046783625731 0.16666666666666666
0 0.30957602339181284 0.5852521929824561 0.3669590643274854 0.03508771929824561
2 0.3125 0.6641995614035088 0.4049707602339181 0.1162280701754386
0 0.31688596491228066 0.772203947368421 0.40789473684210525 0.06469298245614034
1 0.31688596491228066 0.872532894736842 0.40789473684210525 0.10307017543859648
0 0.20138888888888887 0.9640899122807017 0.1388888888888889 0.04057017543859649
0 0.42141812865497075 0.9575109649122806 0.14912280701754385 0.04057017543859649
1 0.6312134502923976 0.10882675438596491 0.1915204678362573 0.09978070175438596
1 0.8439327485380117 0.10773026315789473 0.19883040935672514 0.09320175438596491
0 0.6253654970760234 0.19161184210526314 0.0804093567251462 0.03728070175438596
0 0.8402777777777777 0.19106359649122806 0.12719298245614036 0.03618421052631579
0 0.7467105263157894 0.24862938596491227 0.3114035087719298 0.03728070175438596
0 0.6136695906432749 0.3056469298245614 0.15058479532163743 0.02631578947368421
0 0.7489035087719298 0.40926535087719296 0.4152046783625731 0.14364035087719298
0 0.7496345029239766 0.5139802631578947 0.13011695906432746 0.021929824561403508
0 0.7562134502923976 0.7563048245614035 0.41812865497076024 0.4298245614035088
