0 0.49671052631578944 0.1444627192982456 0.5204678362573099 0.03508771929824561
0 0.5018274853801169 0.2749451754385965 0.18859649122807015 0.02631578947368421
0 0.5076754385964912 0.3889802631578947 0.8201754385964912 0.16228070175438597
0 0.5062134502923976 0.5572916666666666 0.8260233918128654 0.16776315789473684
0 0.5164473684210527 0.6855811403508771 0.8494152046783625 0.09978070175438596
0 0.5157163742690059 0.7672697368421052 0.8538011695906432 0.07456140350877193
0 0.5171783625730993 0.8527960526315789 0.8567251461988303 0.10087719298245613
0 0.5201023391812866 0.9399671052631579 0.8625730994152047 0.08442982456140351
0 0.4945175438596491 0.02768640350877193 0.2587719298245614 0.020833333333333332
0 0.8541666666666666 0.024396929824561403 0.01608187134502924 0.01644736842105263
