0 0.4784356725146199 0.04029605263157895 0.17982456140350878 0.02412280701754386
0 0.8263888888888888 0.03700657894736842 0.04239766081871345 0.019736842105263157
3 0.4820906432748538 0.08634868421052631 0.7251461988304093 0.039473684210526314
0 0.2934941520467836 0.12088815789473684 0.42397660818713445 0.020833333333333332
3 0.4820906432748538 0.1493969298245614 0.7192982456140351 0.027412280701754384
0 0.4850146198830409 0.2376644736842105 0.8216374269005847 0.14035087719298245
3 0.48428362573099415 0.31661184210526316 0.31725146198830406 0.019736842105263157
0 0.48720760233918126 0.3516995614035088 0.8201754385964912 0.05043859649122807
3 0.48282163742690054 0.3856907894736842 0.6885964912280701 0.02412280701754386
0 0.4016812865497076 0.4103618421052631 0.5789473684210527 0.020833333333333332
3 0.48282163742690054 0.4690241228070175 0.402046783625731 0.09868421052631579
0 0.8651315789473684 0.4915021929824561 0.07602339181286549 0.027412280701754384
0 0.4959795321637427 0.534265350877193 0.7587719298245613 0.038377192982456135
1 0.48793859649122806 0.6038925438596491 0.3538011695906432 0.08991228070175439
0 0.4850146198830409 0.665844298245614 0.22514619883040934 0.023026315789473683
0 0.31688596491228066 0.7036732456140351 0.41812865497076024 0.046052631578947366
3 0.33735380116959063 0.7415021929824561 0.22807017543859648 0.023026315789473683
0 0.1509502923976608 0.7650767543859649 0.15350877192982454 0.019736842105263157
0 0.09466374269005848 0.8314144736842105 0.04093567251461988 0.01864035087719298
0 0.4989035087719298 0.9333881578947368 0.8581871345029239 0.10416666666666666
3 0.33442982456140347 0.7946820175438596 0.15204678362573099 0.03728070175438596
3 0.4923245614035087 0.8582785087719298 0.26023391812865493 0.043859649122807015
