0 0.1524122807017544 0.04851973684210526 0.03654970760233918 0.01644736842105263
0 0.5076754385964912 0.03481359649122807 0.12719298245614036 0.021929824561403508
3 0.5157163742690059 0.11705043859649122 0.5350877192982456 0.10307017543859648
0 0.3680555555555555 0.17406798245614033 0.4444444444444444 0.02412280701754386
3 0.5164473684210527 0.20367324561403508 0.26169590643274854 0.03508771929824561
3 0.5193713450292398 0.26672149122807015 0.293859649122807 0.03399122807017543
3 0.5215643274853801 0.3209978070175438 0.19883040935672514 0.021929824561403508
3 0.5171783625730993 0.3692434210526316 0.18128654970760233 0.021929824561403508
3 0.4404239766081871 0.9311951754385964 0.3786549707602339 0.09978070175438596
0 0.4959795321637427 0.23656798245614033 0.6944444444444444 0.02631578947368421
0 0.8877923976608186 0.20202850877192982 0.054093567251461985 0.025219298245614034
0 0.8951023391812865 0.31661184210526316 0.059941520467836254 0.02631578947368421
0 0.8951023391812865 0.36156798245614036 0.05701754385964912 0.017543859649122806
0 0.15168128654970758 0.3056469298245614 0.09064327485380116 0.019736842105263157
0 0.2744883040935672 0.3489583333333333 0.25146198830409355 0.020833333333333332
0 0.3644005847953216 0.39665570175438597 0.513157894736842 0.017543859649122806
0 0.3819444444444444 0.4295504385964912 0.554093567251462 0.02850877192982456
0 0.5310672514619883 0.6269188596491228 0.8260233918128654 0.35526315789473684
3 0.5347222222222222 0.8149671052631579 0.195906432748538 0.020833333333333332
0 0.5347222222222222 0.8484100877192982 0.8216374269005847 0.05482456140350877
0 0.7825292397660818 0.9229714912280701 0.20906432748538012 0.10087719298245613
