0 0.49378654970760233 0.02494517543859649 0.283625730994152 0.02850877192982456
0 0.8505116959064327 0.02494517543859649 0.09649122807017543 0.019736842105263157
0 0.4996345029239766 0.08744517543859649 0.8333333333333333 0.07236842105263158
0 0.5047514619883041 0.21025219298245612 0.8260233918128654 0.08991228070175439
0 0.3220029239766082 0.31277412280701755 0.40789473684210525 0.023026315789473683
0 0.5018274853801169 0.3983004385964912 0.8435672514619883 0.09539473684210525
0 0.5076754385964912 0.6631030701754386 0.8581871345029239 0.04824561403508772
0 0.5062134502923976 0.7623355263157894 0.8435672514619883 0.0581140350877193
0 0.498172514619883 0.8193530701754386 0.3391812865497076 0.03179824561403509
0 0.4894005847953216 0.8665021929824561 0.7485380116959064 0.025219298245614034
0 0.5025584795321637 0.9399671052631579 0.8538011695906432 0.07346491228070175
0 0.893640350877193 0.891173245614035 0.06578947368421052 0.017543859649122806
0 0.8775584795321637 0.14117324561403508 0.06871345029239766 0.02412280701754386
0 0.8782894736842105 0.27658991228070173 0.07017543859649122 0.023026315789473683
0 0.8812134502923976 0.334703947368421 0.06725146198830409 0.01864035087719298
3 0.4952485380116959 0.14720394736842105 0.1695906432748538 0.03618421052631579
3 0.498172514619883 0.28097587719298245 0.3128654970760234 0.044956140350877194
3 0.5003654970760234 0.33963815789473684 0.2529239766081871 0.02412280701754386
3 0.49744152046783624 0.4695723684210526 0.4195906432748538 0.042763157894736836
1 0.498172514619883 0.5441337719298245 0.4327485380116959 0.09320175438596491
0 0.4959795321637427 0.6219846491228069 0.2002923976608187 0.020833333333333332
3 0.5054824561403508 0.7113486842105263 0.435672514619883 0.041666666666666664
