0 0.4894005847953216 0.031524122807017545 0.5570175438596491 0.046052631578947366
1 0.10051169590643275 0.09347587719298245 0.13011695906432746 0.15021929824561403
0 0.10124269005847952 0.2831688596491228 0.13450292397660818 0.22039473684210525
1 0.5646929824561403 0.19983552631578946 0.47368421052631576 0.2708333333333333
1 0.5676169590643274 0.5139802631578947 0.4766081871345029 0.09429824561403508
1 0.24817251461988302 0.7042214912280701 0.14766081871345027 0.15899122807017543
1 0.7284356725146198 0.6148574561403508 0.14619883040935672 0.08991228070175439
1 0.7342836257309941 0.7508223684210525 0.15497076023391812 0.10964912280701754
0 0.2496345029239766 0.31222587719298245 0.1593567251461988 0.49780701754385964
0 0.08735380116959064 0.43283991228070173 0.12134502923976608 0.019736842105263157
0 0.09173976608187134 0.7135416666666666 0.12719298245614036 0.5307017543859649
0 0.41776315789473684 0.5962171052631579 0.3435672514619883 0.03289473684210526
0 0.48793859649122806 0.7102521929824561 0.3114035087719298 0.18859649122807015
0 0.25109649122807015 0.7985197368421052 0.13304093567251463 0.027412280701754384
0 0.46893274853801165 0.8379934210526315 0.26169590643274854 0.04057017543859649
0 0.4141081871345029 0.9120065789473684 0.4766081871345029 0.10526315789473684
0 0.7342836257309941 0.8851425438596491 0.15497076023391812 0.15021929824561403
0 0.8782894736842105 0.06277412280701754 0.11257309941520467 0.04057017543859649
0 0.8914473684210525 0.3730811403508772 0.1769005847953216 0.5625
0 0.8965643274853801 0.6800986842105263 0.14912280701754385 0.020833333333333332
0 0.9053362573099415 0.8264802631578947 0.17543859649122806 0.2675438596491228
