0 0.47697368421052627 0.01631030701754386 0.14327485380116958 0.03262061403508772
0 0.33516081871345027 0.1313048245614035 0.5935672514619883 0.18421052631578946
0 0.33516081871345027 0.33963815789473684 0.5994152046783625 0.2149122807017544
0 0.3366228070175438 0.653782894736842 0.6023391812865497 0.3980263157894737
0 0.33516081871345027 0.9268092105263157 0.5964912280701754 0.12609649122807018
0 0.7993421052631579 0.13623903508771928 0.27923976608187134 0.17434210526315788
0 0.8059210526315789 0.31551535087719296 0.29532163742690054 0.14912280701754385
0 0.8066520467836257 0.4668311403508772 0.293859649122807 0.125
0 0.8073830409356725 0.6000548245614035 0.29239766081871343 0.11513157894736842
0 0.8095760233918128 0.7239583333333333 0.3055555555555555 0.10635964912280702
1 0.7364766081871345 0.8434758771929824 0.1154970760233918 0.042763157894736836
0 0.8073830409356725 0.8856907894736842 0.2894736842105263 0.20175438596491227
