0 0.16630116959064326 0.04358552631578947 0.02046783625730994 0.015350877192982455
0 0.5303362573099415 0.03919956140350877 0.19298245614035087 0.021929824561403508
0 0.5310672514619883 0.12966008771929824 0.8201754385964912 0.11513157894736842
3 0.5317982456140351 0.21847587719298245 0.4619883040935672 0.0668859649122807
0 0.5266812865497076 0.3001644736842105 0.8406432748538011 0.09429824561403508
3 0.5325292397660818 0.3681469298245614 0.1593567251461988 0.03728070175438596
0 0.9199561403508771 0.36979166666666663 0.05701754385964912 0.027412280701754384
0 0.12609649122807018 0.40104166666666663 0.027777777777777776 0.021929824561403508
3 0.5317982456140351 0.4339364035087719 0.30409356725146197 0.039473684210526314
0 0.91703216374269 0.43338815789473684 0.05701754385964912 0.023026315789473683
0 0.5281432748538012 0.5041118421052632 0.837719298245614 0.09649122807017543
0 0.37536549707602335 0.6855811403508771 0.06725146198830409 0.01864035087719298
0 0.6582602339181286 0.6877741228070176 0.06871345029239766 0.020833333333333332
0 0.3709795321637427 0.7617872807017544 0.07309941520467836 0.019736842105263157
0 0.660453216374269 0.7612390350877193 0.09941520467836257 0.023026315789473683
0 0.535453216374269 0.7902960526315789 0.25 0.017543859649122806
0 0.5325292397660818 0.8610197368421052 0.837719298245614 0.11293859649122806
0 0.9287280701754386 0.9438048245614035 0.054093567251461985 0.02412280701754386
0 0.1282894736842105 0.9739583333333333 0.03508771929824561 0.020833333333333332
3 0.5398391812865497 0.9449013157894737 0.2587719298245614 0.043859649122807015
1 0.40314327485380114 0.6329495614035088 0.22514619883040934 0.06907894736842105
1 0.6721491228070176 0.6258223684210525 0.21052631578947367 0.09429824561403508
1 0.3994883040935672 0.7245065789473684 0.22368421052631576 0.05043859649122807
1 0.6809210526315789 0.7212171052631579 0.22807017543859648 0.041666666666666664
