0 0.5047514619883041 0.018914473684210526 0.08187134502923976 0.027412280701754384
0 0.20285087719298245 0.06716008771929824 0.2529239766081871 0.0581140350877193
0 0.19334795321637427 0.24533991228070173 0.26608187134502925 0.29605263157894735
0 0.6553362573099415 0.057839912280701754 0.5906432748538011 0.04824561403508772
0 0.5800438596491228 0.19051535087719298 0.4576023391812865 0.21271929824561403
0 0.8958333333333333 0.5293311403508771 0.1593567251461988 0.9013157894736842
1 0.5785818713450293 0.4152960526315789 0.4576023391812865 0.2324561403508772
0 0.18603801169590642 0.4377741228070175 0.2573099415204678 0.0668859649122807
0 0.18896198830409355 0.6362390350877193 0.26023391812865493 0.3212719298245614
0 0.17653508771929824 0.8193530701754386 0.2529239766081871 0.03618421052631579
1 0.18165204678362573 0.9076206140350876 0.27485380116959063 0.1469298245614035
0 0.5720029239766081 0.5644188596491228 0.43859649122807015 0.03508771929824561
0 0.5734649122807017 0.622532894736842 0.45614035087719296 0.08333333333333333
0 0.575657894736842 0.6806469298245613 0.3961988304093567 0.03289473684210526
0 0.569078947368421 0.8374451754385964 0.4678362573099415 0.2894736842105263
