0 0.11878654970760233 0.05235745614035087 0.06725146198830409 0.021929824561403508
0 0.5003654970760234 0.051809210526315784 0.34502923976608185 0.03179824561403509
0 0.8848684210526315 0.05071271929824561 0.029239766081871343 0.023026315789473683
0 0.2934941520467836 0.14720394736842105 0.3961988304093567 0.14144736842105263
0 0.2978801169590643 0.2546600877192982 0.35818713450292394 0.04057017543859649
2 0.29568713450292394 0.3418311403508772 0.3713450292397661 0.13596491228070173
0 0.3044590643274854 0.5106907894736842 0.39766081871345027 0.16885964912280702
0 0.3081140350877193 0.6274671052631579 0.37280701754385964 0.03618421052631579
2 0.30957602339181284 0.690515350877193 0.3874269005847953 0.08333333333333333
0 0.30372807017543857 0.7798793859649122 0.40789473684210525 0.07346491228070175
0 0.30957602339181284 0.8977521929824561 0.40789473684210525 0.17763157894736842
1 0.714546783625731 0.12527412280701752 0.381578947368421 0.05592105263157894
0 0.721125730994152 0.18612938596491227 0.12280701754385964 0.03728070175438596
1 0.7196637426900584 0.24533991228070173 0.38888888888888884 0.05482456140350877
0 0.7225877192982456 0.3061951754385965 0.10818713450292397 0.03618421052631579
1 0.7233187134502923 0.365953947368421 0.3874269005847953 0.05921052631578947
0 0.7291666666666666 0.4240679824561403 0.15350877192982454 0.03508771929824561
1 0.7291666666666666 0.4838267543859649 0.39035087719298245 0.0581140350877193
0 0.7350146198830408 0.5435855263157895 0.1593567251461988 0.03289473684210526
1 0.7342836257309941 0.6044407894736842 0.39473684210526316 0.05592105263157894
0 0.7364766081871345 0.6641995614035088 0.1564327485380117 0.039473684210526314
0 0.7394005847953216 0.7140899122807017 0.3464912280701754 0.03618421052631579
0 0.7459795321637427 0.8527960526315789 0.40350877192982454 0.22149122807017543
