0 0.4890350877192982 0.09251644736842105 0.6535087719298245 0.019462719298245612
0 0.37244152046783624 0.14569627192982457 0.4327485380116959 0.022752192982456138
0 0.49049707602339176 0.2147752192982456 0.6747076023391813 0.04468201754385965
0 0.32291666666666663 0.4454495614035087 0.3607456140350877 0.021929824561403508
0 0.3739035087719298 0.4746436403508772 0.4722222222222222 0.018366228070175437
0 0.31012426900584794 0.5242598684210527 0.34100877192982454 0.01726973684210526
0 0.44334795321637427 0.5762061403508771 0.5986842105263157 0.025219298245614034
0 0.3640350877192982 0.7669956140350876 0.37938596491228066 0.025219298245614034
0 0.25054824561403505 0.8474506578947368 0.2496345029239766 0.021655701754385963
3 0.6109283625730993 0.12280701754385964 0.42799707602339176 0.027412280701754384
3 0.5933845029239766 0.17310855263157893 0.46600877192982454 0.03207236842105263
3 0.6184210526315789 0.8138706140350876 0.47953216374269003 0.05482456140350877
1 0.4859283625730994 0.33182565789473684 0.5222953216374269 0.1757127192982456
1 0.4890350877192982 0.6733826754385964 0.5343567251461988 0.1576206140350877
3 0.6162280701754386 0.5008223684210527 0.45979532163742687 0.029605263157894735
3 0.6253654970760234 0.5511239035087719 0.45687134502923976 0.02987938596491228
