0 0.18896198830409355 0.12458881578947367 0.1388888888888889 0.021655701754385963
0 0.2322733918128655 0.22450657894736842 0.2130847953216374 0.17598684210526314
0 0.6396198830409356 0.34141995614035087 0.12646198830409355 0.021655701754385963
0 0.6999269005847952 0.4122807017543859 0.21929824561403508 0.10855263157894736
0 0.2050438596491228 0.5996436403508771 0.2010233918128655 0.15871710526315788
0 0.18439327485380116 0.7040844298245613 0.17507309941520466 0.018366228070175437
0 0.21710526315789472 0.7893366228070176 0.2317251461988304 0.14281798245614033
1 0.42507309941520466 0.09361293859649122 0.40350877192982454 0.17023026315789472
1 0.7076023391812865 0.1918859649122807 0.45687134502923976 0.2044956140350877
1 0.36257309941520466 0.40885416666666663 0.4641812865497076 0.21573464912280702
1 0.3077485380116959 0.1644736842105263 0.05921052631578947 0.0537280701754386
1 0.7721125730994152 0.3866502192982456 0.06542397660818713 0.057291666666666664
1 0.6580774853801169 0.6230811403508771 0.5924707602339181 0.26973684210526316
1 0.3053728070175438 0.7504111842105263 0.06103801169590643 0.0649671052631579
1 0.5201023391812866 0.8863760964912281 0.5847953216374269 0.22286184210526314
