0 0.5303362573099415 0.021655701754385963 0.141812865497076 0.03070175438596491
0 0.4616228070175438 0.05290570175438596 0.5745614035087719 0.027412280701754384
0 0.45942982456140347 0.08580043859649122 0.6900584795321637 0.05592105263157894
0 0.4550438596491228 0.16858552631578946 0.763157894736842 0.12280701754385964
0 0.21235380116959063 0.26398026315789475 0.24853801169590642 0.06578947368421052
0 0.20869883040935672 0.30235745614035087 0.27923976608187134 0.02412280701754386
0 0.20869883040935672 0.46134868421052627 0.3055555555555555 0.3048245614035088
0 0.19334795321637427 0.6461074561403508 0.29532163742690054 0.0712719298245614
0 0.20211988304093567 0.7206688596491228 0.3187134502923976 0.0800438596491228
1 0.610014619883041 0.3445723684210526 0.45614035087719296 0.22916666666666666
0 0.6663011695906432 0.6104714912280701 0.5862573099415205 0.23684210526315788
0 0.9046052631578947 0.2584978070175438 0.1388888888888889 0.47368421052631576
0 0.7496345029239766 0.759594298245614 0.37280701754385964 0.039473684210526314
0 0.589546783625731 0.8763706140350876 0.14619883040935672 0.19407894736842105
0 0.900219298245614 0.8862390350877193 0.12719298245614036 0.2138157894736842
0 0.7489035087719298 0.922423245614035 0.15204678362573099 0.12171052631578946
1 0.7437865497076023 0.8111293859649122 0.15058479532163743 0.08991228070175439
1 0.2715643274853801 0.8692434210526315 0.4576023391812865 0.20175438596491227
