0 0.4857456140350877 0.02987938596491228 0.26169590643274854 0.020833333333333332
0 0.8468567251461988 0.021655701754385963 0.021929824561403508 0.017543859649122806
0 0.49378654970760233 0.11430921052631578 0.8362573099415205 0.11951754385964912
3 0.4850146198830409 0.19270833333333331 0.26900584795321636 0.03289473684210526
0 0.8687865497076023 0.18448464912280702 0.07163742690058479 0.020833333333333332
0 0.48793859649122806 0.24917763157894735 0.8333333333333333 0.0668859649122807
0 0.8717105263157894 0.29797149122807015 0.06871345029239766 0.021929824561403508
0 0.8753654970760233 0.36540570175438597 0.07017543859649122 0.025219298245614034
0 0.0800438596491228 0.33908991228070173 0.029239766081871343 0.023026315789473683
0 0.4894005847953216 0.41584429824561403 0.8625730994152047 0.044956140350877194
0 0.18019005847953215 0.465734649122807 0.24707602339181284 0.02412280701754386
0 0.4886695906432748 0.578125 0.8494152046783625 0.16776315789473684
0 0.8834064327485379 0.685032894736842 0.07456140350877193 0.019736842105263157
0 0.49378654970760233 0.8040021929824561 0.8625730994152047 0.18969298245614033
0 0.4886695906432748 0.9734100877192982 0.8757309941520467 0.04824561403508772
0 0.8914473684210525 0.9273574561403508 0.06725146198830409 0.021929824561403508
3 0.48720760233918126 0.921875 0.22953216374269003 0.03728070175438596
3 0.4894005847953216 0.6844846491228069 0.5350877192982456 0.03618421052631579
3 0.48647660818713445 0.36979166666666663 0.3128654970760234 0.04057017543859649
3 0.4820906432748538 0.3067434210526316 0.21929824561403508 0.03508771929824561
