0 0.4806286549707602 0.033168859649122806 0.20175438596491227 0.023026315789473683
0 0.13779239766081872 0.03919956140350877 0.04239766081871345 0.019736842105263157
0 0.18823099415204678 0.07264254385964912 0.2134502923976608 0.027412280701754384
0 0.22989766081871343 0.13240131578947367 0.3026315789473684 0.03508771929824561
3 0.4806286549707602 0.10279605263157894 0.17251461988304093 0.041666666666666664
3 0.4857456140350877 0.16858552631578946 0.1739766081871345 0.03070175438596491
3 0.48355263157894735 0.28481359649122806 0.18128654970760233 0.02631578947368421
3 0.49159356725146197 0.565515350877193 0.5511695906432749 0.10964912280701754
3 0.29714912280701755 0.6641995614035088 0.141812865497076 0.03508771929824561
3 0.2942251461988304 0.7458881578947368 0.1915204678362573 0.03399122807017543
3 0.29203216374269003 0.8144188596491228 0.14619883040935672 0.03508771929824561
1 0.7284356725146198 0.7064144736842105 0.3698830409356725 0.11732456140350876
0 0.7174707602339181 0.7798793859649122 0.2543859649122807 0.020833333333333332
0 0.4850146198830409 0.872532894736842 0.347953216374269 0.03289473684210526
0 0.4945175438596491 0.953125 0.8786549707602339 0.0712719298245614
0 0.4850146198830409 0.22834429824561403 0.8157894736842105 0.09100877192982455
0 0.49159356725146197 0.4004934210526316 0.8347953216374269 0.20723684210526314
0 0.1282894736842105 0.6334978070175439 0.14035087719298245 0.02850877192982456
0 0.2905701754385965 0.7042214912280701 0.4766081871345029 0.044956140350877194
0 0.07419590643274854 0.7798793859649122 0.03508771929824561 0.025219298245614034
0 0.8490497076023391 0.09402412280701754 0.06432748538011696 0.02850877192982456
0 0.852704678362573 0.15487938596491227 0.07163742690058479 0.023026315789473683
0 0.8607456140350876 0.28152412280701755 0.07602339181286549 0.017543859649122806
