0 0.5032894736842105 0.10169956140350876 0.6761695906432749 0.02631578947368421
0 0.48428362573099415 0.1278782894736842 0.5650584795321637 0.021655701754385963
3 0.6122076023391813 0.14912280701754385 0.4583333333333333 0.025219298245614034
0 0.5020102339181286 0.17653508771929824 0.6823830409356725 0.041118421052631575
0 0.33516081871345027 0.21244517543859648 0.34868421052631576 0.021929824561403508
0 0.5020102339181286 0.4226973684210526 0.7247807017543859 0.3826754385964912
0 0.29934210526315785 0.6339089912280701 0.32309941520467833 0.030975877192982455
0 0.5034722222222222 0.7224506578947368 0.7459795321637427 0.14172149122807018
3 0.6001461988304093 0.8166118421052632 0.5650584795321637 0.05153508771929824
0 0.481359649122807 0.8607456140350876 0.7236842105263157 0.027412280701754384
3 0.6154970760233918 0.9017269736842105 0.5467836257309941 0.04577850877192982
