0 0.1608187134502924 0.0840186403508772 0.09137426900584794 0.018366228070175437
0 0.23464912280701752 0.16913377192982454 0.22076023391812866 0.13596491228070173
0 0.17909356725146197 0.43928179824561403 0.12792397660818713 0.020559210526315787
0 0.2362938596491228 0.5121984649122807 0.22989766081871343 0.11650219298245613
0 0.7143640350877193 0.31702302631578944 0.1114766081871345 0.018366228070175437
0 0.7790570175438596 0.3900767543859649 0.2225877192982456 0.11403508771929824
0 0.1699561403508772 0.7545230263157894 0.09137426900584794 0.020559210526315787
0 0.24305555555555555 0.8218201754385964 0.2317251461988304 0.10526315789473684
0 0.7136330409356725 0.6961348684210525 0.10051169590643275 0.020559210526315787
0 0.7898391812865496 0.758360745614035 0.23464912280701752 0.08799342105263157
1 0.3154239766081871 0.12568530701754385 0.05043859649122807 0.05345394736842105
1 0.31761695906432746 0.4838267543859649 0.06067251461988304 0.05482456140350877
1 0.32364766081871343 0.8023574561403508 0.06103801169590643 0.05482456140350877
1 0.8697002923976608 0.7424616228070176 0.052997076023391806 0.05345394736842105
1 0.8612938596491228 0.36101973684210525 0.0581140350877193 0.0537280701754386
1 0.6359649122807017 0.15021929824561403 0.6578947368421052 0.262609649122807
1 0.3466739766081871 0.40542763157894735 0.4630847953216374 0.18859649122807015
1 0.30317982456140347 0.6138980263157895 0.42799707602339176 0.21025219298245612
1 0.7691885964912281 0.549890350877193 0.42507309941520466 0.2308114035087719
1 0.6335891812865496 0.8355263157894737 0.43384502923976603 0.262609649122807
1 0.3070175438596491 0.9210526315789473 0.42032163742690054 0.1507675438596491
