0 0.4714912280701754 0.08566337719298245 0.6820175438596491 0.021655701754385963
0 0.46929824561403505 0.11992872807017543 0.6747076023391813 0.033168859649122806
0 0.24524853801169588 0.16337719298245612 0.23903508771929824 0.02631578947368421
0 0.4683845029239766 0.2324561403508772 0.6794590643274854 0.10964912280701754
0 0.46619152046783624 0.33127741228070173 0.6867690058479532 0.030975877192982455
0 0.46527777777777773 0.4043311403508772 0.6973684210526315 0.0581140350877193
0 0.4676535087719298 0.47916666666666663 0.714546783625731 0.03453947368421052
0 0.4683845029239766 0.5455043859649122 0.7247807017543859 0.043311403508771926
0 0.4089912280701754 0.6075932017543859 0.6001461988304093 0.021655701754385963
0 0.2492690058479532 0.6430921052631579 0.29239766081871343 0.02631578947368421
0 0.4676535087719298 0.7395833333333333 0.7328216374269005 0.15515350877192982
0 0.17763157894736842 0.8532072368421052 0.16739766081871343 0.030975877192982455
3 0.581140350877193 0.3015350877192982 0.46271929824561403 0.02631578947368421
3 0.581140350877193 0.3633497807017544 0.4751461988304093 0.019462719298245612
3 0.5703581871345029 0.4459978070175438 0.4996345029239766 0.03179824561403509
3 0.5888157894736842 0.5150767543859649 0.4539473684210526 0.03070175438596491
3 0.5383771929824561 0.5842927631578947 0.5818713450292398 0.03207236842105263
3 0.5674342105263157 0.8314144736842105 0.5544590643274854 0.02850877192982456
3 0.606907894736842 0.8851425438596491 0.46893274853801165 0.03070175438596491
