0 0.49086257309941517 0.013980263157894735 0.141812865497076 0.021929824561403508
0 0.42580409356725146 0.06661184210526315 0.7573099415204678 0.08333333333333333
0 0.10197368421052631 0.17406798245614033 0.1154970760233918 0.03070175438596491
1 0.09978070175438596 0.23985745614035087 0.09649122807017543 0.09649122807017543
0 0.09904970760233918 0.46408991228070173 0.141812865497076 0.3300438596491228
0 0.17945906432748537 0.13020833333333331 0.2763157894736842 0.041666666666666664
0 0.2576754385964912 0.29358552631578944 0.15204678362573099 0.28728070175438597
1 0.2496345029239766 0.4838267543859649 0.10964912280701754 0.10197368421052631
0 0.25109649122807015 0.5814144736842105 0.1564327485380117 0.08662280701754385
0 0.4097222222222222 0.36979166666666663 0.14912280701754385 0.5208333333333333
0 0.5727339181286549 0.20422149122807015 0.15058479532163743 0.20285087719298245
1 0.5683479532163742 0.3588267543859649 0.1067251461988304 0.10416666666666666
0 0.5683479532163742 0.5084978070175439 0.14766081871345027 0.1907894736842105
1 0.7269736842105263 0.18229166666666666 0.10818713450292397 0.1524122807017544
0 0.7255116959064327 0.4350328947368421 0.15497076023391812 0.3399122807017544
0 0.8958333333333333 0.48876096491228066 0.15058479532163743 0.7609649122807017
1 0.8644005847953216 0.9257127192982456 0.1023391812865497 0.12390350877192982
0 0.17434210526315788 0.6669407894736842 0.29532163742690054 0.05592105263157894
1 0.06980994152046784 0.7436951754385964 0.097953216374269 0.10635964912280702
0 0.09393274853801169 0.8379934210526315 0.14619883040935672 0.07785087719298245
0 0.24524853801169588 0.7859100877192982 0.1593567251461988 0.18859649122807015
0 0.4046052631578947 0.7628837719298245 0.14766081871345027 0.24342105263157893
1 0.5632309941520468 0.7190241228070176 0.14619883040935672 0.12061403508771928
0 0.5698099415204678 0.8834978070175438 0.15058479532163743 0.21052631578947367
0 0.6546052631578947 0.6378837719298245 0.2704678362573099 0.046052631578947366
0 0.7269736842105263 0.8270285087719298 0.15204678362573099 0.3256578947368421
0 0.258406432748538 0.9443530701754386 0.4576023391812865 0.10197368421052631
