0 0.5040204678362573 0.03207236842105263 0.1871345029239766 0.01864035087719298
0 0.16557017543859648 0.031524122807017545 0.04239766081871345 0.017543859649122806
0 0.5135233918128654 0.07867324561403509 0.8114035087719298 0.05482456140350877
1 0.5127923976608186 0.1992872807017544 0.28654970760233917 0.18640350877192982
0 0.5032894736842105 0.31496710526315785 0.3611111111111111 0.027412280701754384
0 0.5047514619883041 0.34731359649122806 0.8143274853801169 0.046052631578947366
3 0.5047514619883041 0.39555921052631576 0.3026315789473684 0.04824561403508772
0 0.5098684210526315 0.44380482456140347 0.8333333333333333 0.05043859649122807
3 0.5054824561403508 0.490953947368421 0.16666666666666666 0.039473684210526314
0 0.8834064327485379 0.4871162280701754 0.07748538011695906 0.025219298245614034
0 0.24305555555555555 0.5227521929824561 0.3055555555555555 0.02631578947368421
3 0.4996345029239766 0.5561951754385964 0.15789473684210525 0.049342105263157895
3 0.5025584795321637 0.5890899122807017 0.2309941520467836 0.029605263157894735
0 0.5025584795321637 0.7749451754385964 0.8538011695906432 0.3508771929824561
3 0.49671052631578944 0.9629934210526315 0.1608187134502924 0.029605263157894735
0 0.8921783625730993 0.9706688596491228 0.07456140350877193 0.027412280701754384
