1 0.4806286549707602 0.016173245614035086 0.08333333333333333 0.02631578947368421
1 0.4046052631578947 0.04303728070175438 0.4605263157894737 0.01864035087719298
1 0.40679824561403505 0.07154605263157894 0.7076023391812865 0.038377192982456135
1 0.2598684210526316 0.32593201754385964 0.43421052631578944 0.4572368421052631
1 0.8760964912280701 0.08963815789473684 0.13742690058479531 0.08991228070175439
1 0.6377923976608186 0.11650219298245613 0.30994152046783624 0.044956140350877194
1 0.7196637426900584 0.24533991228070173 0.45906432748538006 0.20394736842105263
0 0.6392543859649122 0.371984649122807 0.28654970760233917 0.03179824561403509
0 0.643640350877193 0.47176535087719296 0.30409356725146197 0.15899122807017543
0 0.8848684210526315 0.38843201754385964 0.11988304093567251 0.03399122807017543
0 0.889985380116959 0.5402960526315789 0.15350877192982454 0.26096491228070173
0 0.893640350877193 0.796875 0.14327485380116958 0.24122807017543857
0 0.329312865497076 0.5858004385964912 0.5584795321637427 0.03399122807017543
0 0.3329678362573099 0.7014802631578947 0.6067251461988303 0.1820175438596491
0 0.7247807017543859 0.6795504385964912 0.16228070175438597 0.22807017543859648
0 0.33442982456140347 0.8374451754385964 0.6125730994152047 0.03728070175438596
0 0.3285818713450292 0.8171600877192982 0.35818713450292394 0.023026315789473683
0 0.33442982456140347 0.9229714912280701 0.6271929824561403 0.12280701754385964
0 0.7269736842105263 0.8610197368421052 0.14912280701754385 0.11074561403508772
