0 0.47313596491228066 0.08977521929824561 0.66703216374269 0.018366228070175437
0 0.47368421052631576 0.13253837719298245 0.6717836257309941 0.046875
3 0.5902777777777778 0.17927631578947367 0.4510233918128655 0.0400219298245614
0 0.1509502923976608 0.2118969298245614 0.038011695906432746 0.023026315789473683
3 0.5612207602339181 0.24328399122807015 0.5391081871345029 0.04468201754385965
0 0.47916666666666663 0.2889254385964912 0.6973684210526315 0.03782894736842105
3 0.5910087719298245 0.33182565789473684 0.4861111111111111 0.03645833333333333
0 0.3464912280701754 0.3660910087719298 0.435672514619883 0.020559210526315787
3 0.5696271929824561 0.4214638157894737 0.5405701754385964 0.08086622807017543
0 0.31688596491228066 0.5015076754385964 0.5314327485380117 0.021655701754385963
0 0.48044590643274854 0.5956688596491228 0.7401315789473684 0.15515350877192982
0 0.21710526315789472 0.6894188596491228 0.21929824561403508 0.025219298245614034
0 0.4775219298245614 0.736156798245614 0.7372076023391813 0.06387061403508772
3 0.5842470760233918 0.7875548245614035 0.5361842105263157 0.03673245614035087
0 0.4775219298245614 0.8315515350877193 0.7525584795321637 0.06058114035087719
3 0.5924707602339181 0.8806195175438596 0.5285087719298245 0.03536184210526316
0 0.4775219298245614 0.9058388157894737 0.7642543859649122 0.023848684210526314
