0 0.19334795321637427 0.046875 0.024853801169590642 0.015350877192982455
0 0.552266081871345 0.033717105263157895 0.13157894736842105 0.019736842105263157
3 0.5493421052631579 0.08305921052631579 0.2631578947368421 0.03508771929824561
0 0.5456871345029239 0.14226973684210525 0.8026315789473684 0.07675438596491227
3 0.5559210526315789 0.1943530701754386 0.381578947368421 0.04057017543859649
0 0.5449561403508771 0.2513706140350877 0.7953216374269005 0.0756578947368421
3 0.5581140350877193 0.3522478070175438 0.3742690058479532 0.1282894736842105
0 0.28326023391812866 0.4311951754385965 0.27485380116959063 0.029605263157894735
1 0.5639619883040935 0.5063048245614035 0.7134502923976608 0.12719298245614036
0 0.5500730994152047 0.5918311403508771 0.1915204678362573 0.015350877192982455
0 0.32785087719298245 0.6181469298245613 0.27923976608187134 0.02412280701754386
0 0.5544590643274854 0.6554276315789473 0.7997076023391813 0.05043859649122807
3 0.5566520467836257 0.6921600877192982 0.3333333333333333 0.023026315789473683
0 0.9265350877192982 0.6883223684210525 0.07017543859649122 0.021929824561403508
0 0.34173976608187134 0.7118969298245613 0.30116959064327486 0.023026315789473683
3 0.5610380116959064 0.7902960526315789 0.42105263157894735 0.12061403508771928
0 0.32346491228070173 0.8604714912280701 0.26169590643274854 0.02631578947368421
3 0.5588450292397661 0.9026864035087718 0.4049707602339181 0.05153508771929824
0 0.28691520467836257 0.9344846491228069 0.2704678362573099 0.023026315789473683
3 0.5646929824561403 0.9608004385964912 0.706140350877193 0.029605263157894735
