0 0.4155701754385965 0.03262061403508772 0.7690058479532164 0.046052631578947366
1 0.16776315789473684 0.1493969298245614 0.3026315789473684 0.15899122807017543
0 0.17214912280701752 0.3226425438596491 0.3114035087719298 0.18311403508771928
0 0.5712719298245613 0.23711622807017543 0.48391812865497075 0.34978070175438597
0 0.900219298245614 0.48218201754385964 0.141812865497076 0.8421052631578947
0 0.24671052631578946 0.44709429824561403 0.4546783625730994 0.03728070175438596
0 0.24671052631578946 0.4882127192982456 0.4371345029239766 0.042763157894736836
0 0.09612573099415204 0.7584978070175438 0.14473684210526316 0.4780701754385965
0 0.24378654970760233 0.6493969298245613 0.15350877192982454 0.26864035087719296
1 0.24671052631578946 0.8330592105263157 0.1593567251461988 0.08552631578947367
0 0.24817251461988302 0.941611842105263 0.1564327485380117 0.10526315789473684
0 0.4060672514619883 0.560032894736842 0.1564327485380117 0.09868421052631579
0 0.48647660818713445 0.6378837719298245 0.2909356725146199 0.03289473684210526
0 0.4820906432748538 0.721765350877193 0.31725146198830406 0.13267543859649122
0 0.7240497076023391 0.7042214912280701 0.15789473684210525 0.16776315789473684
0 0.5646929824561403 0.8138706140350876 0.4327485380116959 0.04057017543859649
0 0.5632309941520468 0.9098135964912281 0.4707602339181286 0.1600877192982456
1 0.6472953216374269 0.5002741228070176 0.31432748538011696 0.1611842105263158
1 0.8834064327485379 0.9476425438596491 0.15789473684210525 0.07785087719298245
