0 0.16630116959064326 0.051809210526315784 0.023391812865497075 0.023026315789473683
0 0.5274122807017544 0.04303728070175438 0.195906432748538 0.01864035087719298
0 0.22916666666666666 0.09841008771929824 0.23391812865497075 0.021929824561403508
0 0.4097222222222222 0.13020833333333331 0.5043859649122807 0.021929824561403508
3 0.5288742690058479 0.1526864035087719 0.1695906432748538 0.023026315789473683
0 0.9053362573099415 0.1537828947368421 0.06578947368421052 0.027412280701754384
0 0.5244883040935672 0.20093201754385964 0.827485380116959 0.0712719298245614
3 0.5281432748538012 0.24862938596491227 0.2178362573099415 0.02412280701754386
0 0.9089912280701754 0.24917763157894735 0.06432748538011696 0.025219298245614034
0 0.5259502923976608 0.30838815789473684 0.8333333333333333 0.09539473684210525
1 0.5317982456140351 0.4777960526315789 0.7251461988304093 0.22368421052631576
1 0.5339912280701754 0.7223135964912281 0.7383040935672515 0.21929824561403508
0 0.5325292397660818 0.8900767543859649 0.43128654970760233 0.019736842105263157
0 0.2664473684210526 0.9328399122807017 0.3201754385964912 0.021929824561403508
0 0.5076754385964912 0.9766995614035087 0.7149122807017544 0.03289473684210526
