0 0.47697368421052627 0.02933114035087719 0.2850877192982456 0.019736842105263157
0 0.8505116959064327 0.022752192982456138 0.02631578947368421 0.015350877192982455
1 0.4850146198830409 0.20422149122807015 0.6374269005847952 0.29714912280701755
0 0.47916666666666663 0.3686951754385965 0.283625730994152 0.01644736842105263
1 0.25475146198830406 0.46134868421052627 0.3435672514619883 0.10307017543859648
1 0.6626461988304093 0.4492872807017544 0.3991228070175438 0.13157894736842105
1 0.2496345029239766 0.6066337719298245 0.3508771929824561 0.11732456140350876
1 0.6838450292397661 0.6071820175438596 0.38888888888888884 0.12061403508771928
1 0.25182748538011696 0.7606907894736842 0.3523391812865497 0.10526315789473684
1 0.6904239766081871 0.7612390350877193 0.4371345029239766 0.11074561403508772
0 0.48793859649122806 0.8675986842105262 0.4327485380116959 0.020833333333333332
0 0.4928728070175438 0.9394188596491228 0.8958333333333333 0.11184210526315788
