0 0.4747807017543859 0.016721491228070175 0.14473684210526316 0.025219298245614034
0 0.40679824561403505 0.054550438596491224 0.7251461988304093 0.03508771929824561
0 0.40021929824561403 0.08744517543859649 0.43421052631578944 0.015350877192982455
0 0.11074561403508772 0.42735745614035087 0.14473684210526316 0.6293859649122807
0 0.40387426900584794 0.13843201754385964 0.43859649122807015 0.0712719298245614
0 0.7196637426900584 0.40981359649122806 0.17543859649122806 0.6447368421052632
0 0.40752923976608185 0.5786732456140351 0.4576023391812865 0.3289473684210526
1 0.40387426900584794 0.2957785087719298 0.4473684210526315 0.22368421052631576
1 0.8687865497076023 0.08580043859649122 0.14619883040935672 0.11732456140350876
0 0.8768274853801169 0.20476973684210525 0.12719298245614036 0.04824561403508772
0 0.8848684210526315 0.45038377192982454 0.15497076023391812 0.4320175438596491
0 0.8980263157894737 0.6992872807017544 0.1286549707602339 0.046052631578947366
0 0.8980263157894737 0.8522478070175438 0.14912280701754385 0.2445175438596491
0 0.3424707602339181 0.7645285087719298 0.611111111111111 0.025219298245614034
0 0.34173976608187134 0.8807565789473684 0.6154970760233918 0.1918859649122807
0 0.727704678362573 0.859375 0.1564327485380117 0.22368421052631576
