0 0.14144736842105263 0.04303728070175438 0.02046783625730994 0.01425438596491228
0 0.5010964912280701 0.03700657894736842 0.20175438596491227 0.019736842105263157
1 0.49671052631578944 0.2025767543859649 0.8070175438596491 0.2631578947368421
0 0.49671052631578944 0.3577302631578947 0.16374269005847952 0.023026315789473683
0 0.4989035087719298 0.40104166666666663 0.26461988304093564 0.021929824561403508
0 0.24671052631578946 0.4553179824561403 0.3333333333333333 0.023026315789473683
0 0.4930555555555555 0.5019188596491228 0.817251461988304 0.04824561403508772
1 0.5010964912280701 0.6790021929824561 0.5438596491228069 0.29714912280701755
0 0.49378654970760233 0.8456688596491228 0.4619883040935672 0.025219298245614034
0 0.49671052631578944 0.9235197368421052 0.8362573099415205 0.13925438596491227
