0 0.46527777777777773 0.04084429824561403 0.2909356725146199 0.023026315789473683
0 0.8008040935672515 0.03865131578947368 0.03216374269005848 0.01644736842105263
0 0.47331871345029236 0.12527412280701752 0.7660818713450293 0.11293859649122806
3 0.4784356725146199 0.21847587719298245 0.6213450292397661 0.07785087719298245
0 0.2094298245614035 0.2738486842105263 0.24122807017543857 0.03070175438596491
3 0.48428362573099415 0.3226425438596491 0.3845029239766082 0.08223684210526315
0 0.8380847953216374 0.31606359649122806 0.06578947368421052 0.025219298245614034
0 0.10124269005847952 0.3824013157894737 0.033625730994152045 0.02631578947368421
3 0.4718567251461988 0.4076206140350877 0.2631578947368421 0.05043859649122807
0 0.4857456140350877 0.4690241228070175 0.8055555555555555 0.07017543859649122
3 0.4857456140350877 0.5205592105263157 0.3464912280701754 0.039473684210526314
0 0.8512426900584795 0.5178179824561403 0.06286549707602339 0.023026315789473683
0 0.16630116959064326 0.5611293859649122 0.16666666666666666 0.02631578947368421
0 0.13925438596491227 0.6263706140350876 0.1067251461988304 0.029605263157894735
3 0.4820906432748538 0.5879934210526315 0.26900584795321636 0.044956140350877194
0 0.8541666666666666 0.5830592105263157 0.06578947368421052 0.019736842105263157
3 0.4923245614035087 0.6576206140350876 0.30116959064327486 0.041666666666666664
0 0.8578216374269005 0.6488486842105263 0.06725146198830409 0.02412280701754386
0 0.48282163742690054 0.7480811403508771 0.8201754385964912 0.14802631578947367
0 0.4886695906432748 0.8544407894736842 0.2587719298245614 0.029605263157894735
0 0.5003654970760234 0.9262609649122806 0.8201754385964912 0.07236842105263158
