0 0.12609649122807018 0.056743421052631575 0.06432748538011696 0.02631578947368421
0 0.5076754385964912 0.06716008771929824 0.38011695906432746 0.025219298245614034
0 0.9009502923976608 0.07264254385964912 0.038011695906432746 0.01644736842105263
0 0.2978801169590643 0.4975328947368421 0.42543859649122806 0.8201754385964912
0 0.7328216374269005 0.2831688596491228 0.40350877192982454 0.3848684210526316
0 0.5705409356725146 0.5035635964912281 0.07309941520467836 0.023026315789473683
0 0.7934941520467835 0.560032894736842 0.2880116959064327 0.09210526315789473
0 0.7971491228070176 0.6932565789473684 0.29239766081871343 0.10855263157894736
0 0.8015350877192982 0.8407346491228069 0.2982456140350877 0.12061403508771928
1 0.5858918128654971 0.5704495614035088 0.10964912280701754 0.10416666666666666
1 0.5880847953216374 0.6976425438596491 0.10526315789473684 0.10635964912280702
1 0.5917397660818713 0.8418311403508771 0.10380116959064327 0.10526315789473684
