0 0.10562865497076022 0.06661184210526315 0.05847953216374269 0.019736842105263157
0 0.48428362573099415 0.06332236842105263 0.3333333333333333 0.02631578947368421
0 0.8819444444444444 0.060032894736842105 0.038011695906432746 0.015350877192982455
0 0.27887426900584794 0.11211622807017543 0.37573099415204675 0.0537280701754386
2 0.27960526315789475 0.18283991228070173 0.391812865497076 0.08333333333333333
0 0.28618421052631576 0.28097587719298245 0.3961988304093567 0.10197368421052631
0 0.704312865497076 0.2069627192982456 0.3991228070175438 0.24122807017543857
1 0.49671052631578944 0.3796600877192982 0.7733918128654971 0.0668859649122807
0 0.5032894736842105 0.4394188596491228 0.1286549707602339 0.03508771929824561
1 0.5003654970760234 0.5002741228070176 0.7777777777777777 0.06469298245614034
0 0.5025584795321637 0.5583881578947368 0.1154970760233918 0.03399122807017543
1 0.5040204678362573 0.6203399122807017 0.7763157894736842 0.06578947368421052
0 0.5054824561403508 0.6713267543859649 0.08333333333333333 0.01644736842105263
1 0.5054824561403508 0.7256030701754386 0.7763157894736842 0.06140350877192982
0 0.5069444444444444 0.772203947368421 0.07456140350877193 0.020833333333333332
1 0.5105994152046783 0.822094298245614 0.7719298245614035 0.05701754385964912
0 0.5135233918128654 0.872532894736842 0.06725146198830409 0.017543859649122806
1 0.5120614035087719 0.928453947368421 0.7719298245614035 0.05482456140350877
0 0.5135233918128654 0.9734100877192982 0.14035087719298245 0.019736842105263157
