0 0.4409722222222222 0.12061403508771928 0.6363304093567251 0.027412280701754384
0 0.2315423976608187 0.1484375 0.22404970760233917 0.019462719298245612
0 0.4409722222222222 0.3449835526315789 0.6641081871345029 0.36430921052631576
0 0.27960526315789475 0.5637335526315789 0.48757309941520466 0.02494517543859649
0 0.43494152046783624 0.6196546052631579 0.679093567251462 0.08470394736842105
0 0.17525584795321636 0.6903782894736842 0.17214912280701752 0.020559210526315787
0 0.43421052631578944 0.725328947368421 0.6900584795321637 0.03070175438596491
0 0.11293859649122806 0.8070175438596491 0.038011695906432746 0.015899122807017545
0 0.43877923976608185 0.8851425438596491 0.7079678362573099 0.014802631578947368
3 0.5118786549707602 0.7738486842105263 0.5559210526315789 0.041118421052631575
3 0.5063961988304093 0.8486842105263157 0.5573830409356725 0.044407894736842105
