0 0.4923245614035087 0.1439144736842105 0.6154970760233918 0.24890350877192982
1 0.11951754385964912 0.06058114035087719 0.11842105263157894 0.06469298245614034
0 0.11878654970760233 0.17845394736842105 0.1111111111111111 0.15789473684210525
0 0.42068713450292394 0.29358552631578944 0.7236842105263157 0.03508771929824561
0 0.27229532163742687 0.465734649122807 0.435672514619883 0.2894736842105263
1 0.6480263157894737 0.4690241228070175 0.30116959064327486 0.29605263157894735
1 0.10855263157894736 0.6943530701754386 0.1286549707602339 0.0712719298245614
1 0.4141081871345029 0.697094298245614 0.13742690058479531 0.08114035087719298
1 0.8358918128654971 0.3802083333333333 0.06578947368421052 0.05921052631578947
1 0.8410087719298245 0.5523574561403508 0.07017543859649122 0.05701754385964912
1 0.8468567251461988 0.7234100877192982 0.07309941520467836 0.05263157894736842
1 0.8475877192982456 0.8895285087719298 0.06871345029239766 0.0537280701754386
1 0.8819444444444444 0.1488486842105263 0.15204678362573099 0.28289473684210525
0 0.6531432748538011 0.8451206140350876 0.3114035087719298 0.2807017543859649
0 0.2679093567251462 0.6373355263157895 0.4269005847953216 0.03179824561403509
0 0.11366959064327485 0.8665021929824561 0.15350877192982454 0.2576754385964912
0 0.2576754385964912 0.7875548245614035 0.15497076023391812 0.26206140350877194
0 0.4148391812865497 0.8325109649122806 0.14473684210526316 0.17434210526315788
0 0.3424707602339181 0.9575109649122806 0.2894736842105263 0.05592105263157894
