0 0.5018274853801169 0.028782894736842105 0.20321637426900585 0.023026315789473683
0 0.14364035087719298 0.023300438596491228 0.039473684210526314 0.020833333333333332
0 0.16410818713450293 0.06990131578947369 0.06578947368421052 0.02631578947368421
3 0.4016812865497076 0.07044956140350876 0.38011695906432746 0.042763157894736836
0 0.44919590643274854 0.1263706140350877 0.641812865497076 0.0756578947368421
0 0.15899122807017543 0.1751644736842105 0.06140350877192982 0.021929824561403508
0 0.15826023391812866 0.23547149122807015 0.07163742690058479 0.02631578947368421
3 0.2891081871345029 0.18283991228070173 0.1783625730994152 0.03508771929824561
3 0.35489766081871343 0.2382127192982456 0.2982456140350877 0.06907894736842105
0 0.5010964912280701 0.29797149122807015 0.8362573099415205 0.05043859649122807
3 0.508406432748538 0.3352521929824561 0.30994152046783624 0.02850877192982456
0 0.302266081871345 0.35718201754385964 0.36257309941520466 0.02631578947368421
3 0.5032894736842105 0.3928179824561403 0.24415204678362573 0.04714912280701754
0 0.2905701754385965 0.4311951754385965 0.4298245614035088 0.027412280701754384
1 0.5157163742690059 0.5973135964912281 0.5058479532163742 0.3070175438596491
0 0.514985380116959 0.7689144736842105 0.3026315789473684 0.025219298245614034
0 0.5135233918128654 0.810032894736842 0.7675438596491228 0.043859649122807015
3 0.514985380116959 0.8708881578947368 0.5219298245614035 0.0712719298245614
3 0.54203216374269 0.9580592105263157 0.4619883040935672 0.07675438596491227
