0 0.11074561403508772 0.02494517543859649 0.06871345029239766 0.019736842105263157
0 0.4945175438596491 0.02713815789473684 0.391812865497076 0.021929824561403508
0 0.8892543859649122 0.02713815789473684 0.043859649122807015 0.019736842105263157
0 0.28618421052631576 0.08031798245614034 0.4137426900584795 0.0537280701754386
0 0.2913011695906433 0.19161184210526314 0.4064327485380117 0.1425438596491228
0 0.3249269005847953 0.8434758771929824 0.4298245614035088 0.26864035087719296
0 0.7364766081871345 0.4350328947368421 0.4371345029239766 0.763157894736842
0 0.7635233918128654 0.903782894736842 0.4064327485380117 0.10635964912280702
1 0.3051900584795321 0.48218201754385964 0.39035087719298245 0.4122807017543859
3 0.7569444444444444 0.8336074561403508 0.20321637426900585 0.029605263157894735
