0 0.5032894736842105 0.13020833333333331 0.42397660818713445 0.06140350877192982
0 0.5018274853801169 0.18448464912280702 0.38011695906432746 0.03179824561403509
0 0.5025584795321637 0.25301535087719296 0.7470760233918128 0.08771929824561403
0 0.5025584795321637 0.3456688596491228 0.7383040935672515 0.07346491228070175
0 0.5040204678362573 0.42297149122807015 0.4956140350877193 0.043859649122807015
0 0.5040204678362573 0.4690241228070175 0.3786549707602339 0.02412280701754386
0 0.5032894736842105 0.5841557017543859 0.7602339181286549 0.17982456140350878
0 0.5127923976608186 0.716282894736842 0.7675438596491228 0.0625
0 0.29568713450292394 0.8807565789473684 0.40350877192982454 0.19407894736842105
0 0.7233187134502923 0.865953947368421 0.3991228070175438 0.21929824561403508
0 0.1597222222222222 0.04906798245614035 0.12280701754385964 0.02850877192982456
0 0.5179093567251462 0.05071271929824561 0.2777777777777778 0.03399122807017543
0 0.8490497076023391 0.05235745614035087 0.10087719298245613 0.02631578947368421
