0 0.489766081871345 0.09141995614035087 0.6578947368421052 0.023848684210526314
0 0.2772295321637427 0.12225877192982455 0.23282163742690057 0.016995614035087717
0 0.4890350877192982 0.1713267543859649 0.6717836257309941 0.08333333333333333
0 0.49360380116959063 0.2650767543859649 0.6809210526315789 0.05592105263157894
0 0.2774122807017544 0.42091557017543857 0.18128654970760233 0.020559210526315787
0 0.3680555555555555 0.49520285087719296 0.45687134502923976 0.020559210526315787
0 0.49049707602339176 0.5767543859649122 0.7141812865497076 0.0400219298245614
0 0.42507309941520466 0.6618695175438596 0.5862573099415205 0.022752192982456138
0 0.2353801169590643 0.7367050438596491 0.21637426900584794 0.021655701754385963
0 0.4919590643274854 0.8475877192982456 0.7478070175438596 0.09265350877192982
3 0.5910087719298245 0.2250548245614035 0.4612573099415204 0.02631578947368421
3 0.5087719298245614 0.4573739035087719 0.6622807017543859 0.04577850877192982
3 0.5886330409356725 0.5316611842105263 0.5208333333333333 0.03426535087719298
3 0.6145833333333333 0.6265076754385964 0.46600877192982454 0.04577850877192982
3 0.566703216374269 0.7001096491228069 0.5712719298245613 0.044407894736842105
3 0.5924707602339181 0.7749451754385964 0.5285087719298245 0.041118421052631575
1 0.4577850877192982 0.3529331140350877 0.7430555555555555 0.11101973684210525
