1 0.3114035087719298 0.2889254385964912 0.31067251461988304 0.20668859649122806
1 0.2986111111111111 0.5511239035087719 0.32748538011695905 0.28097587719298245
1 0.2949561403508772 0.828125 0.3472222222222222 0.2182017543859649
1 0.6944444444444444 0.1913377192982456 0.40350877192982454 0.26973684210526316
1 0.7013888888888888 0.4775219298245614 0.42032163742690054 0.2845394736842105
1 0.7052266081871345 0.7835800438596491 0.4184941520467836 0.29358552631578944
0 0.8887061403508771 0.9543585526315789 0.06980994152046784 0.020559210526315787
0 0.23848684210526314 0.0771655701754386 0.15533625730994152 0.018366228070175437
0 0.31469298245614036 0.12678179824561403 0.29239766081871343 0.07428728070175439
1 0.427266081871345 0.11019736842105263 0.06067251461988304 0.05701754385964912
