0 0.20559210526315788 0.08388157894736842 0.15387426900584794 0.05482456140350877
0 0.598501461988304 0.09141995614035087 0.48282163742690054 0.046875
0 0.521016081871345 0.24273574561403508 0.8271198830409356 0.1049890350877193
0 0.506578947368421 0.32209429824561403 0.45687134502923976 0.03782894736842105
0 0.5148026315789473 0.4872532894736842 0.45211988304093564 0.03645833333333333
0 0.5140716374269005 0.4055646929824561 0.8285818713450291 0.09950657894736842
0 0.5118786549707602 0.5592105263157895 0.8453947368421052 0.08223684210526315
0 0.2048611111111111 0.6149945175438596 0.22843567251461988 0.03207236842105263
0 0.5080409356725146 0.724095394736842 0.8589181286549707 0.1680372807017544
0 0.17214912280701752 0.8225054824561403 0.09283625730994152 0.021655701754385963
0 0.5111476608187134 0.8789747807017544 0.8709795321637427 0.07976973684210525
