0 0.5047514619883041 0.035910087719298246 0.2880116959064327 0.02412280701754386
0 0.8592836257309941 0.035910087719298246 0.03508771929824561 0.019736842105263157
0 0.4725877192982456 0.08744517543859649 0.7558479532163742 0.04824561403508772
3 0.4989035087719298 0.12856359649122806 0.19736842105263158 0.04057017543859649
0 0.8863304093567251 0.1313048245614035 0.07163742690058479 0.02850877192982456
0 0.508406432748538 0.23108552631578946 0.827485380116959 0.16666666666666666
3 0.19773391812865496 0.3763706140350877 0.15350877192982454 0.11951754385964912
0 0.5091374269005847 0.5205592105263157 0.837719298245614 0.1600877192982456
1 0.5025584795321637 0.6450109649122807 0.3216374269005848 0.0712719298245614
0 0.5003654970760234 0.7086074561403508 0.2850877192982456 0.020833333333333332
0 0.346125730994152 0.7387609649122807 0.45906432748538006 0.02412280701754386
3 0.4989035087719298 0.7733004385964912 0.3055555555555555 0.042763157894736836
0 0.22478070175438594 0.8061951754385964 0.2894736842105263 0.025219298245614034
3 0.5018274853801169 0.8604714912280701 0.4809941520467836 0.07236842105263158
0 0.19261695906432746 0.9087171052631579 0.21637426900584794 0.02850877192982456
3 0.5010964912280701 0.9459978070175438 0.3216374269005848 0.043859649122807015
0 0.4535818713450292 0.9810855263157894 0.6622807017543859 0.02850877192982456
