0 0.42872807017543857 0.056743421052631575 0.7573099415204678 0.06798245614035087
0 0.18896198830409355 0.22121710526315788 0.2894736842105263 0.24780701754385964
0 0.5734649122807017 0.15213815789473684 0.4707602339181286 0.12280701754385964
0 0.1823830409356725 0.44709429824561403 0.29678362573099415 0.18640350877192982
1 0.17580409356725146 0.6175986842105263 0.29239766081871343 0.15460526315789472
1 0.5763888888888888 0.3358004385964912 0.4678362573099415 0.2269736842105263
0 0.575657894736842 0.6329495614035088 0.4722222222222222 0.31469298245614036
0 0.1787280701754386 0.8621162280701754 0.29239766081871343 0.26206140350877194
0 0.6480263157894737 0.8939144736842105 0.6257309941520468 0.1962719298245614
0 0.900219298245614 0.4383223684210526 0.15350877192982454 0.7039473684210525
