0 0.48647660818713445 0.01726973684210526 0.0891812865497076 0.02631578947368421
0 0.3432017543859649 0.06661184210526315 0.5687134502923976 0.05701754385964912
0 0.35197368421052627 0.16913377192982454 0.5804093567251462 0.14144736842105263
0 0.19480994152046782 0.3231907894736842 0.27485380116959063 0.14912280701754385
0 0.346125730994152 0.45805921052631576 0.5921052631578947 0.09868421052631579
1 0.4886695906432748 0.3204495614035088 0.29532163742690054 0.14802631578947367
0 0.8110380116959064 0.2694627192982456 0.31432748538011696 0.47368421052631576
1 0.3475877192982456 0.7047697368421052 0.5833333333333333 0.3881578947368421
0 0.7898391812865496 0.6598135964912281 0.24269005847953215 0.23903508771929824
1 0.8000730994152047 0.865953947368421 0.21052631578947367 0.14912280701754385
