0 0.4630847953216374 0.03645833333333333 0.28654970760233917 0.027412280701754384
0 0.8205409356725146 0.02768640350877193 0.024853801169590642 0.01864035087719298
1 0.46600877192982454 0.26781798245614036 0.6900584795321637 0.3980263157894737
0 0.4718567251461988 0.48547149122807015 0.2543859649122807 0.021929824561403508
0 0.47331871345029236 0.5216557017543859 0.8391812865497076 0.046052631578947366
3 0.4682017543859649 0.5731907894736842 0.42543859649122806 0.04824561403508772
0 0.11074561403508772 0.6132127192982456 0.11403508771929824 0.029605263157894735
3 0.47039473684210525 0.6455592105263157 0.17251461988304093 0.046052631578947366
0 0.17214912280701752 0.6811951754385964 0.23684210526315788 0.023026315789473683
3 0.47331871345029236 0.7140899122807017 0.3684210526315789 0.038377192982456135
0 0.8644005847953216 0.7113486842105263 0.07163742690058479 0.02412280701754386
0 0.47916666666666663 0.8615679824561403 0.8625730994152047 0.2324561403508772
