0 0.19773391812865496 0.10992324561403508 0.2178362573099415 0.020833333333333332
0 0.49086257309941517 0.04303728070175438 0.27192982456140347 0.027412280701754384
0 0.8373538011695906 0.03974780701754386 0.023391812865497075 0.020833333333333332
0 0.4747807017543859 0.1757127192982456 0.783625730994152 0.04714912280701754
0 0.4945175438596491 0.23492324561403508 0.7324561403508771 0.023026315789473683
0 0.49378654970760233 0.40871710526315785 0.8245614035087718 0.27850877192982454
0 0.2182017543859649 0.6110197368421052 0.28216374269005845 0.01864035087719298
0 0.2394005847953216 0.678453947368421 0.23684210526315788 0.015350877192982455
0 0.13925438596491227 0.7058662280701754 0.033625730994152045 0.017543859649122806
0 0.09831871345029239 0.7546600877192982 0.033625730994152045 0.01425438596491228
0 0.17068713450292397 0.8368969298245613 0.09941520467836257 0.044956140350877194
0 0.19773391812865496 0.9163925438596491 0.2353801169590643 0.02412280701754386
0 0.3958333333333333 0.9821820175438596 0.6345029239766081 0.02631578947368421
3 0.49086257309941517 0.08360745614035087 0.195906432748538 0.01864035087719298
3 0.4894005847953216 0.14117324561403508 0.38596491228070173 0.03070175438596491
3 0.4930555555555555 0.5726425438596491 0.1388888888888889 0.044956140350877194
3 0.5003654970760234 0.6417214912280701 0.2850877192982456 0.03618421052631579
3 0.4945175438596491 0.7272478070175438 0.13304093567251463 0.020833333333333332
3 0.49744152046783624 0.7826206140350876 0.15058479532163743 0.03289473684210526
3 0.5025584795321637 0.8752741228070174 0.26900584795321636 0.04057017543859649
3 0.5069444444444444 0.9432565789473684 0.29239766081871343 0.042763157894736836
0 0.8841374269005847 0.6384320175438596 0.07602339181286549 0.01864035087719298
0 0.8877923976608186 0.7831688596491228 0.07748538011695906 0.025219298245614034
