0 0.13048245614035087 0.5101425438596491 0.23684210526315788 0.6348684210526315
0 0.3110380116959064 0.03426535087719298 0.1593567251461988 0.029605263157894735
0 0.3636695906432748 0.22341008771929824 0.26461988304093564 0.35964912280701755
0 0.6246345029239766 0.08525219298245613 0.24561403508771928 0.07236842105263158
0 0.8724415204678362 0.265625 0.22368421052631576 0.4133771929824561
1 0.6239035087719298 0.3007127192982456 0.24122807017543857 0.18969298245614033
1 0.4959795321637427 0.4936951754385965 0.49707602339181284 0.1787280701754386
1 0.498172514619883 0.6691337719298245 0.48391812865497075 0.16557017543859648
1 0.6173245614035088 0.8626644736842105 0.695906432748538 0.1995614035087719
1 0.9404239766081871 0.9640899122807017 0.029239766081871343 0.01425438596491228
