0 0.481359649122807 0.03481359649122807 0.2909356725146199 0.03289473684210526
0 0.8234649122807017 0.03700657894736842 0.033625730994152045 0.02631578947368421
3 0.4901315789473684 0.08744517543859649 0.3084795321637427 0.05043859649122807
0 0.15021929824561403 0.13240131578947367 0.11403508771929824 0.03070175438596491
3 0.48647660818713445 0.14720394736842105 0.2982456140350877 0.042763157894736836
0 0.498172514619883 0.20915570175438594 0.7923976608187134 0.08552631578947367
1 0.508406432748538 0.3763706140350877 0.47368421052631576 0.2774122807017544
0 0.5062134502923976 0.528782894736842 0.39327485380116955 0.023026315789473683
0 0.5157163742690059 0.5633223684210527 0.8070175438596491 0.05921052631578947
1 0.5317982456140351 0.7376644736842105 0.4941520467836257 0.3026315789473684
0 0.5274122807017544 0.9048793859649122 0.42105263157894735 0.029605263157894735
0 0.4470029239766082 0.9476425438596491 0.587719298245614 0.05592105263157894
