0 0.48428362573099415 0.02987938596491228 0.29970760233918126 0.025219298245614034
0 0.8505116959064327 0.024396929824561403 0.03216374269005848 0.01644736842105263
0 0.08881578947368421 0.07319078947368421 0.02631578947368421 0.015350877192982455
3 0.4886695906432748 0.09347587719298245 0.5570175438596491 0.029605263157894735
0 0.2664473684210526 0.11869517543859648 0.3114035087719298 0.023026315789473683
0 0.4923245614035087 0.15652412280701752 0.8245614035087718 0.04824561403508772
3 0.49159356725146197 0.20202850877192982 0.5921052631578947 0.038377192982456135
0 0.22843567251461988 0.234375 0.2353801169590643 0.021929824561403508
3 0.49159356725146197 0.32922149122807015 0.3464912280701754 0.1611842105263158
0 0.4901315789473684 0.4427083333333333 0.8347953216374269 0.07236842105263158
0 0.49086257309941517 0.5178179824561403 0.19298245614035087 0.027412280701754384
0 0.48793859649122806 0.7639802631578947 0.8362573099415205 0.4232456140350877
