0 0.08881578947368421 0.02987938596491228 0.059941520467836254 0.020833333333333332
0 0.4755116959064327 0.021107456140350877 0.3771929824561403 0.023026315789473683
0 0.8753654970760233 0.013980263157894735 0.039473684210526314 0.017543859649122806
0 0.2708333333333333 0.12966008771929824 0.4093567251461988 0.15899122807017543
0 0.16191520467836257 0.22121710526315788 0.18567251461988304 0.015350877192982455
0 0.2847222222222222 0.3686951754385965 0.41081871345029236 0.27960526315789475
3 0.28618421052631576 0.5183662280701754 0.2675438596491228 0.02412280701754386
0 0.2891081871345029 0.572094298245614 0.4225146198830409 0.08771929824561403
0 0.5230263157894737 0.7321820175438596 0.2002923976608187 0.019736842105263157
0 0.5201023391812866 0.7513706140350876 0.2587719298245614 0.01864035087719298
0 0.15533625730994152 0.8029057017543859 0.14327485380116958 0.020833333333333332
0 0.30007309941520466 0.8325109649122806 0.42105263157894735 0.044956140350877194
0 0.18311403508771928 0.9646381578947368 0.17251461988304093 0.017543859649122806
0 0.6633771929824561 0.7930372807017544 0.2587719298245614 0.025219298245614034
0 0.6151315789473684 0.8401864035087718 0.15350877192982454 0.01644736842105263
0 0.7569444444444444 0.9015899122807017 0.42543859649122806 0.11513157894736842
1 0.5164473684210527 0.6652960526315789 0.763157894736842 0.09210526315789473
3 0.29641812865497075 0.8802083333333333 0.31725146198830406 0.04824561403508772
3 0.26571637426900585 0.9333881578947368 0.2529239766081871 0.03399122807017543
0 0.6085526315789473 0.051809210526315784 0.22807017543859648 0.020833333333333332
0 0.6421783625730993 0.1537828947368421 0.27192982456140347 0.020833333333333332
0 0.7167397660818713 0.3538925438596491 0.27192982456140347 0.03508771929824561
0 0.6012426900584795 0.4076206140350877 0.17251461988304093 0.015350877192982455
0 0.7313596491228069 0.5068530701754386 0.4122807017543859 0.18969298245614033
3 0.6984649122807017 0.0825109649122807 0.26169590643274854 0.03399122807017543
3 0.6641081871345029 0.12362938596491227 0.19005847953216373 0.03728070175438596
1 0.7116228070175438 0.2546600877192982 0.34064327485380114 0.15021929824561403
