0 0.4996345029239766 0.10389254385964912 0.7236842105263157 0.06743421052631579
0 0.5025584795321637 0.19997258771929824 0.72953216374269 0.1313048245614035
0 0.5027412280701754 0.34553179824561403 0.7540204678362573 0.09841008771929824
0 0.5056652046783625 0.5956688596491228 0.8146929824561403 0.39747807017543857
0 0.33132309941520466 0.8378563596491228 0.4630847953216374 0.02987938596491228
0 0.29258040935672514 0.8993969298245613 0.39437134502923976 0.027412280701754384
3 0.498172514619883 0.8133223684210525 0.2573099415204678 0.03070175438596491
3 0.5032894736842105 0.8670504385964912 0.2741228070175438 0.02850877192982456
0 0.9579678362573099 0.8293585526315789 0.04093567251461988 0.019462719298245612
0 0.9601608187134503 0.8806195175438596 0.03654970760233918 0.058388157894736836
0 0.8742690058479532 0.9377741228070174 0.1293859649122807 0.016995614035087717
3 0.5056652046783625 0.2820723684210526 0.39729532163742687 0.02631578947368421
