0 0.5274122807017544 0.028234649122807015 0.19883040935672514 0.021929824561403508
0 0.18969298245614033 0.03207236842105263 0.038011695906432746 0.01864035087719298
0 0.14510233918128654 0.06990131578947369 0.04239766081871345 0.02412280701754386
0 0.4572368421052631 0.10718201754385964 0.5818713450292398 0.017543859649122806
0 0.5222953216374269 0.2206688596491228 0.22076023391812866 0.01864035087719298
0 0.3256578947368421 0.24424342105263155 0.3362573099415205 0.021929824561403508
0 0.33077485380116955 0.30235745614035087 0.42543859649122806 0.046052631578947366
0 0.1290204678362573 0.37088815789473684 0.033625730994152045 0.027412280701754384
0 0.45211988304093564 0.41913377192982454 0.6038011695906432 0.029605263157894735
0 0.5142543859649122 0.6340460526315789 0.2046783625730994 0.023026315789473683
0 0.518640350877193 0.6894188596491228 0.4298245614035088 0.03508771929824561
0 0.5237573099415205 0.7727521929824561 0.8581871345029239 0.10964912280701754
0 0.2744883040935672 0.8440241228070176 0.36257309941520466 0.02850877192982456
0 0.41776315789473684 0.8829495614035088 0.5555555555555556 0.03618421052631579
0 0.3848684210526316 0.9569627192982456 0.5043859649122807 0.03728070175438596
0 0.5201023391812866 0.08854166666666666 0.25146198830409355 0.019736842105263157
1 0.525219298245614 0.1631030701754386 0.2909356725146199 0.08991228070175439
3 0.5222953216374269 0.3456688596491228 0.3669590643274854 0.04057017543859649
3 0.5347222222222222 0.26781798245614036 0.4853801169590643 0.029605263157894735
3 0.5237573099415205 0.3999451754385965 0.4605263157894737 0.02850877192982456
1 0.5332602339181286 0.528234649122807 0.36257309941520466 0.18640350877192982
3 0.5142543859649122 0.9235197368421052 0.3187134502923976 0.049342105263157895
