0 0.5383771929824561 0.09237938596491227 0.8581871345029239 0.18311403508771928
3 0.5456871345029239 0.2557565789473684 0.40789473684210525 0.1370614035087719
0 0.2803362573099415 0.34347587719298245 0.3391812865497076 0.023026315789473683
3 0.5427631578947368 0.3802083333333333 0.32309941520467833 0.041666666666666664
0 0.29568713450292394 0.41858552631578944 0.29970760233918126 0.02631578947368421
3 0.5398391812865497 0.5084978070175439 0.5833333333333333 0.1337719298245614
0 0.3220029239766082 0.5962171052631579 0.3464912280701754 0.02850877192982456
1 0.5398391812865497 0.7069627192982456 0.7967836257309941 0.1513157894736842
0 0.5383771929824561 0.803453947368421 0.2880116959064327 0.02412280701754386
0 0.5376461988304093 0.8944627192982456 0.871345029239766 0.15350877192982454
