0 0.37317251461988304 0.03919956140350877 0.3391812865497076 0.02631578947368421
0 0.5105994152046783 0.06770833333333333 0.5994152046783625 0.046052631578947366
0 0.07858187134502924 0.0693530701754386 0.13011695906432746 0.03179824561403509
0 0.0800438596491228 0.34676535087719296 0.13596491228070173 0.481359649122807
0 0.5573830409356725 0.16584429824561403 0.7953216374269005 0.14144736842105263
0 0.427266081871345 0.28042763157894735 0.4122807017543859 0.017543859649122806
0 0.5471491228070176 0.30838815789473684 0.652046783625731 0.03179824561403509
0 0.31761695906432746 0.48547149122807015 0.3157894736842105 0.3026315789473684
0 0.07858187134502924 0.7568530701754386 0.141812865497076 0.32785087719298245
0 0.07894736842105263 0.9602521929824561 0.13961988304093567 0.07894736842105263
0 0.339546783625731 0.6768092105263157 0.2894736842105263 0.020833333333333332
0 0.3994883040935672 0.7003837719298245 0.39766081871345027 0.03070175438596491
0 0.6407163742690059 0.5693530701754386 0.32748538011695905 0.12171052631578946
0 0.8980263157894737 0.5638706140350876 0.1783625730994152 0.46600877192982454
1 0.6392543859649122 0.4103618421052631 0.32456140350877194 0.15460526315789472
1 0.2320906432748538 0.7831688596491228 0.12134502923976608 0.12171052631578946
0 0.24305555555555555 0.935032894736842 0.1608187134502924 0.1293859649122807
0 0.402046783625731 0.859375 0.15716374269005848 0.2807017543859649
0 0.5654239766081871 0.7557565789473684 0.16520467836257308 0.0712719298245614
0 0.7284356725146198 0.7173793859649122 0.15789473684210525 0.15460526315789472
0 0.8877923976608186 0.8445723684210525 0.11988304093567251 0.03399122807017543
0 0.8958333333333333 0.9300986842105262 0.1564327485380117 0.13267543859649122
0 0.6472953216374269 0.909265350877193 0.29970760233918126 0.16337719298245612
