0 0.4714912280701754 0.11595394736842105 0.6425438596491228 0.027412280701754384
0 0.4760599415204678 0.22957785087719296 0.6611842105263157 0.09237938596491227
0 0.41812865497076024 0.33648574561403505 0.5511695906432749 0.018366228070175437
0 0.31779970760233917 0.4055646929824561 0.356359649122807 0.021655701754385963
0 0.47295321637426896 0.4740953947368421 0.6761695906432749 0.06058114035087719
0 0.22386695906432746 0.5402960526315789 0.17214912280701752 0.02412280701754386
0 0.481359649122807 0.6898300438596491 0.6929824561403508 0.17461622807017543
3 0.5749269005847953 0.1581688596491228 0.435672514619883 0.043311403508771926
3 0.5643274853801169 0.29989035087719296 0.4751461988304093 0.043311403508771926
3 0.5712719298245613 0.37171052631578944 0.4766081871345029 0.038925438596491224
3 0.583516081871345 0.4277686403508772 0.44919590643274854 0.020559210526315787
3 0.5939327485380117 0.5185032894736842 0.4371345029239766 0.021655701754385963
3 0.5910087719298245 0.5785361842105263 0.4707602339181286 0.04358552631578947
1 0.45559210526315785 0.8355263157894737 0.6290204678362573 0.0981359649122807
