0 0.29641812865497075 0.07483552631578946 0.29239766081871343 0.018092105263157895
3 0.6047149122807017 0.09141995614035087 0.5281432748538012 0.019462719298245612
0 0.2849049707602339 0.11197916666666666 0.27887426900584794 0.019462719298245612
0 0.3678728070175438 0.14912280701754385 0.43530701754385964 0.018092105263157895
0 0.49122807017543857 0.19873903508771928 0.7828947368421052 0.0400219298245614
0 0.2949561403508772 0.30043859649122806 0.3837719298245614 0.03782894736842105
0 0.2567616959064327 0.35128837719298245 0.2591374269005848 0.022752192982456138
0 0.2666301169590643 0.4077576754385965 0.33077485380116955 0.04468201754385965
3 0.6001461988304093 0.1278782894736842 0.5497076023391813 0.019462719298245612
3 0.4921418128654971 0.24958881578947367 0.7934941520467835 0.06606359649122806
3 0.6056286549707602 0.32839912280701755 0.5482456140350876 0.027412280701754384
3 0.49360380116959063 0.3723958333333333 0.47989766081871343 0.026041666666666664
3 0.49652777777777773 0.4357182017543859 0.15387426900584794 0.020559210526315787
0 0.4950657894736842 0.5242598684210527 0.8059210526315789 0.14720394736842105
3 0.4950657894736842 0.6551535087719298 0.44919590643274854 0.12116228070175437
0 0.3298611111111111 0.7367050438596491 0.48720760233918126 0.04906798245614035
3 0.5012792397660818 0.8223684210526315 0.6838450292397661 0.12006578947368421
0 0.495796783625731 0.9052905701754386 0.819078947368421 0.04797149122807017
0 0.9579678362573099 0.8405975877192982 0.04093567251461988 0.021655701754385963
0 0.9565058479532164 0.8983004385964912 0.04093567251461988 0.05482456140350877
0 0.8781067251461988 0.954906798245614 0.1246345029239766 0.019462719298245612
