0 0.12390350877192982 0.035910087719298246 0.059941520467836254 0.021929824561403508
0 0.5135233918128654 0.0381030701754386 0.4707602339181286 0.03289473684210526
0 0.91703216374269 0.0381030701754386 0.029239766081871343 0.02412280701754386
0 0.7394005847953216 0.12417763157894736 0.402046783625731 0.12609649122807018
0 0.7423245614035088 0.20476973684210525 0.25584795321637427 0.017543859649122806
0 0.741593567251462 0.23218201754385964 0.3684210526315789 0.02850877192982456
1 0.3059210526315789 0.17077850877192982 0.30994152046783624 0.18859649122807015
0 0.3059210526315789 0.2919407894736842 0.1023391812865497 0.020833333333333332
1 0.31323099415204675 0.41310307017543857 0.3070175438596491 0.19298245614035087
0 0.31469298245614036 0.5348135964912281 0.07602339181286549 0.017543859649122806
1 0.31761695906432746 0.6548793859649122 0.3070175438596491 0.1918859649122807
0 0.319078947368421 0.7749451754385964 0.07309941520467836 0.019736842105263157
0 0.32273391812865493 0.8199013157894737 0.3611111111111111 0.041666666666666664
0 0.23647660818713448 0.8692434210526315 0.2324561403508772 0.021929824561403508
0 0.3263888888888889 0.9290021929824561 0.4122807017543859 0.10197368421052631
2 0.7430555555555555 0.33360745614035087 0.4005847953216374 0.16776315789473684
0 0.7489035087719298 0.5364583333333333 0.39766081871345027 0.20285087719298245
0 0.7510964912280701 0.6806469298245613 0.3874269005847953 0.05263157894736842
2 0.7489035087719298 0.7913925438596491 0.39473684210526316 0.16666666666666666
0 0.754751461988304 0.9306469298245613 0.39766081871345027 0.08114035087719298
