1 0.2679093567251462 0.059484649122807015 0.39766081871345027 0.11732456140350876
0 0.26571637426900585 0.12856359649122806 0.29970760233918126 0.020833333333333332
0 0.7379385964912281 0.028234649122807015 0.445906432748538 0.04824561403508772
0 0.5815058479532164 0.09731359649122806 0.15350877192982454 0.1074561403508772
0 0.8234649122807017 0.078125 0.3157894736842105 0.0712719298245614
0 0.819078947368421 0.12417763157894736 0.10526315789473684 0.025219298245614034
0 0.8234649122807017 0.1762609649122807 0.3128654970760234 0.08771929824561403
0 0.34466374269005845 0.17900219298245612 0.25584795321637427 0.03179824561403509
0 0.34539473684210525 0.2168311403508772 0.6081871345029239 0.05043859649122807
0 0.346125730994152 0.3215460526315789 0.6242690058479532 0.15679824561403508
0 0.5076754385964912 0.42735745614035087 0.29532163742690054 0.06578947368421052
0 0.5025584795321637 0.5326206140350876 0.31725146198830406 0.14473684210526316
0 0.7569444444444444 0.3983004385964912 0.1769005847953216 0.3475877192982456
0 0.889985380116959 0.3999451754385965 0.097953216374269 0.30921052631578944
0 0.9557748538011696 0.3105811403508772 0.03654970760233918 0.15899122807017543
1 0.18311403508771928 0.4695723684210526 0.30409356725146197 0.15679824561403508
0 0.1787280701754386 0.5797697368421052 0.2894736842105263 0.043859649122807015
0 0.17945906432748537 0.6740679824561403 0.29970760233918126 0.1469298245614035
0 0.18384502923976606 0.7749451754385964 0.3055555555555555 0.05263157894736842
0 0.10709064327485379 0.8950109649122806 0.15497076023391812 0.19407894736842105
0 0.2664473684210526 0.8319627192982456 0.15789473684210525 0.06359649122807018
0 0.9024122807017544 0.6165021929824561 0.15204678362573099 0.0800438596491228
0 0.9031432748538011 0.7924890350877193 0.15058479532163743 0.2587719298245614
0 0.5062134502923976 0.9010416666666666 0.5730994152046783 0.05043859649122807
0 0.49671052631578944 0.9547697368421052 0.6301169590643274 0.07236842105263158
1 0.8929093567251462 0.9575109649122806 0.1593567251461988 0.0712719298245614
