1 0.2598684210526316 0.06551535087719298 0.35818713450292394 0.11403508771929824
1 0.5668859649122807 0.10773026315789473 0.14766081871345027 0.0756578947368421
1 0.7196637426900584 0.10718201754385964 0.14912280701754385 0.07894736842105263
1 0.8790204678362573 0.10663377192982455 0.15497076023391812 0.06907894736842105
1 0.6867690058479532 0.3040021929824561 0.5482456140350876 0.28618421052631576
1 0.8651315789473684 0.9542214912280701 0.1593567251461988 0.0581140350877193
0 0.2569444444444444 0.13075657894736842 0.27923976608187134 0.020833333333333332
0 0.5573830409356725 0.03262061403508772 0.14035087719298245 0.04824561403508772
0 0.7086988304093567 0.035910087719298246 0.12426900584795321 0.04824561403508772
0 0.8622076023391813 0.03645833333333333 0.12134502923976608 0.0537280701754386
0 0.11220760233918128 0.40981359649122806 0.1154970760233918 0.4495614035087719
0 0.042763157894736836 0.334703947368421 0.017543859649122806 0.3212719298245614
0 0.18603801169590642 0.4037828947368421 0.02631578947368421 0.3848684210526316
0 0.3044590643274854 0.4043311403508772 0.19005847953216373 0.48026315789473684
0 0.6970029239766081 0.546875 0.5365497076023391 0.05263157894736842
0 0.6860380116959064 0.5128837719298245 0.3128654970760234 0.02412280701754386
0 0.6933479532163742 0.6285635964912281 0.5643274853801169 0.12609649122807018
0 0.20796783625730994 0.6757127192982456 0.3421052631578947 0.042763157894736836
0 0.21016081871345027 0.778782894736842 0.3523391812865497 0.1611842105263158
0 0.6845760233918128 0.7420504385964912 0.5263157894736842 0.04824561403508772
0 0.498172514619883 0.8144188596491228 0.1769005847953216 0.10307017543859648
0 0.6838450292397661 0.8785635964912281 0.1915204678362573 0.2182017543859649
0 0.8702485380116959 0.8429276315789473 0.19298245614035087 0.1513157894736842
0 0.29568713450292394 0.8900767543859649 0.5380116959064327 0.046052631578947366
0 0.29276315789473684 0.915844298245614 0.32748538011695905 0.025219298245614034
0 0.2934941520467836 0.9542214912280701 0.5745614035087719 0.0668859649122807
