0 0.2094298245614035 0.056195175438596486 0.027777777777777776 0.01425438596491228
0 0.5537280701754386 0.0556469298245614 0.11988304093567251 0.02631578947368421
0 0.1962719298245614 0.09457236842105263 0.07163742690058479 0.027412280701754384
3 0.5625 0.1269188596491228 0.3157894736842105 0.046052631578947366
0 0.2876461988304093 0.16091008771929824 0.26900584795321636 0.02631578947368421
3 0.5617690058479532 0.19544956140350875 0.5423976608187134 0.04714912280701754
0 0.16776315789473684 0.22779605263157893 0.029239766081871343 0.017543859649122806
3 0.5551900584795322 0.2645285087719298 0.2543859649122807 0.04057017543859649
0 0.9155701754385964 0.2683662280701754 0.054093567251461985 0.021929824561403508
0 0.5493421052631579 0.3061951754385965 0.7923976608187134 0.044956140350877194
1 0.5515350877192983 0.3999451754385965 0.685672514619883 0.13596491228070173
0 0.5588450292397661 0.4766995614035087 0.32309941520467833 0.015350877192982455
0 0.5478801169590642 0.5249451754385964 0.8011695906432748 0.07675438596491227
3 0.5529970760233918 0.5841557017543859 0.2675438596491228 0.041666666666666664
0 0.19261695906432746 0.6121162280701754 0.08187134502923976 0.027412280701754384
0 0.3125 0.659265350877193 0.2573099415204678 0.01864035087719298
0 0.5603070175438596 0.7113486842105263 0.7353801169590642 0.02850877192982456
0 0.4053362573099415 0.7447916666666666 0.5190058479532164 0.020833333333333332
0 0.5471491228070176 0.815515350877193 0.8084795321637427 0.08991228070175439
3 0.5566520467836257 0.6351425438596491 0.21052631578947367 0.025219298245614034
3 0.5544590643274854 0.6844846491228069 0.18859649122807015 0.025219298245614034
3 0.4448099415204678 0.9185855263157894 0.3640350877192982 0.12280701754385964
0 0.7956871345029239 0.9169407894736842 0.19444444444444442 0.10416666666666666
