1 0.2591374269005848 0.07044956140350876 0.35964912280701755 0.11074561403508772
0 0.2576754385964912 0.1351425438596491 0.2777777777777778 0.01425438596491228
0 0.7130847953216374 0.04303728070175438 0.4576023391812865 0.07346491228070175
0 0.5632309941520468 0.11485745614035087 0.15789473684210525 0.06140350877192982
0 0.8008040935672515 0.203125 0.32309941520467833 0.24013157894736842
0 0.8015350877192982 0.36156798245614036 0.27192982456140347 0.05043859649122807
0 0.8110380116959064 0.5046600877192983 0.3201754385964912 0.22916666666666666
0 0.0668859649122807 0.4942434210526315 0.06871345029239766 0.6074561403508771
0 0.13633040935672514 0.48930921052631576 0.07017543859649122 0.4989035087719298
0 0.09904970760233918 0.8610197368421052 0.14766081871345027 0.10635964912280702
0 0.2591374269005848 0.7672697368421052 0.15497076023391812 0.293859649122807
0 0.5815058479532164 0.6439144736842105 0.4809941520467836 0.027412280701754384
0 0.6465643274853801 0.6839364035087719 0.5994152046783625 0.05482456140350877
0 0.4155701754385965 0.8089364035087719 0.15497076023391812 0.20175438596491227
0 0.7357456140350876 0.7738486842105263 0.4678362573099415 0.13596491228070173
0 0.6589912280701754 0.8621162280701754 0.2733918128654971 0.029605263157894735
0 0.6575292397660818 0.9235197368421052 0.29678362573099415 0.09100877192982455
0 0.8841374269005847 0.909265350877193 0.1388888888888889 0.12390350877192982
1 0.38633040935672514 0.9459978070175438 0.19005847953216373 0.05701754385964912
1 0.41118421052631576 0.2727521929824561 0.45906432748538006 0.20614035087719296
1 0.29568713450292394 0.5041118421052632 0.22514619883040934 0.20175438596491227
1 0.5288742690058479 0.5019188596491228 0.22953216374269003 0.1995614035087719
