0 0.11293859649122806 0.04742324561403508 0.038011695906432746 0.020833333333333332
0 0.5215643274853801 0.033717105263157895 0.20906432748538012 0.019736842105263157
0 0.8994883040935672 0.028782894736842105 0.05847953216374269 0.027412280701754384
0 0.2934941520467836 0.19106359649122806 0.41081871345029236 0.2532894736842105
0 0.3029970760233918 0.4213267543859649 0.40350877192982454 0.2006578947368421
0 0.31323099415204675 0.6554276315789473 0.4005847953216374 0.26973684210526316
0 0.3285818713450292 0.8774671052631579 0.3874269005847953 0.16557017543859648
0 0.727704678362573 0.16036184210526314 0.40789473684210525 0.2138157894736842
0 0.7203947368421052 0.30126096491228066 0.381578947368421 0.02631578947368421
0 0.7401315789473684 0.4964364035087719 0.39766081871345027 0.32456140350877194
1 0.7437865497076023 0.7332785087719298 0.37280701754385964 0.10964912280701754
0 0.748172514619883 0.8330592105263157 0.26169590643274854 0.03508771929824561
0 0.6684941520467836 0.8769188596491228 0.23684210526315788 0.017543859649122806
0 0.748172514619883 0.9262609649122806 0.39035087719298245 0.07675438596491227
