0 0.22478070175438594 0.08168859649122806 0.2134502923976608 0.025219298245614034
0 0.49049707602339176 0.15597587719298245 0.763157894736842 0.12116228070175437
0 0.20869883040935672 0.3900767543859649 0.2178362573099415 0.025219298245614034
0 0.498172514619883 0.4603892543859649 0.8055555555555555 0.11540570175438596
0 0.30409356725146197 0.540844298245614 0.3472222222222222 0.023026315789473683
0 0.3154239766081871 0.5694901315789473 0.4400584795321637 0.020559210526315787
0 0.30098684210526316 0.5996436403508771 0.33808479532163743 0.023848684210526314
0 0.37244152046783624 0.6408991228070176 0.554093567251462 0.042214912280701754
0 0.21564327485380116 0.6887335526315789 0.2404970760233918 0.023848684210526314
0 0.3786549707602339 0.7430098684210525 0.5665204678362573 0.07319078947368421
0 0.498172514619883 0.8127741228070176 0.2573099415204678 0.041118421052631575
0 0.4989035087719298 0.8869243421052632 0.8406432748538011 0.07319078947368421
0 0.9625365497076023 0.8384046052631579 0.04714912280701754 0.023848684210526314
0 0.9610745614035087 0.8910361842105262 0.034722222222222224 0.04906798245614035
0 0.8759137426900584 0.9502467105263157 0.1385233918128655 0.01726973684210526
2 0.4926900584795321 0.29015899122807015 0.7828947368421052 0.14281798245614033
1 0.7722953216374269 0.6443256578947368 0.24195906432748537 0.21354166666666666
