3 0.5734649122807017 0.3558114035087719 0.4751461988304093 0.03453947368421052
3 0.5849780701754386 0.41584429824561403 0.44919590643274854 0.0400219298245614
3 0.5818713450292398 0.4728618421052631 0.445906432748538 0.03289473684210526
0 0.466922514619883 0.09196820175438596 0.6516812865497076 0.018366228070175437
0 0.4638157894736842 0.29413377192982454 0.6820175438596491 0.09155701754385964
0 0.3640350877192982 0.3803453947368421 0.4890350877192982 0.021655701754385963
0 0.28271198830409355 0.4454495614035087 0.33516081871345027 0.021929824561403508
0 0.1683114035087719 0.49465460526315785 0.10051169590643275 0.019462719298245612
0 0.46546052631578944 0.7036732456140351 0.7189327485380117 0.3826754385964912
1 0.46235380116959063 0.17201206140350878 0.6703216374269005 0.12801535087719298
