0 0.1597222222222222 0.04084429824561403 0.04093567251461988 0.020833333333333332
0 0.5595760233918128 0.033168859649122806 0.21198830409356723 0.027412280701754384
0 0.9111842105263157 0.04632675438596491 0.043859649122807015 0.03179824561403509
1 0.5391081871345029 0.10773026315789473 0.7646198830409356 0.06907894736842105
0 0.5471491228070176 0.1576206140350877 0.14035087719298245 0.019736842105263157
1 0.5405701754385964 0.21847587719298245 0.7646198830409356 0.0668859649122807
0 0.5500730994152047 0.2820723684210526 0.1695906432748538 0.042763157894736836
0 0.5456871345029239 0.33360745614035087 0.36257309941520466 0.03618421052631579
0 0.3336988304093567 0.5139802631578947 0.4005847953216374 0.27850877192982454
0 0.2050438596491228 0.6877741228070176 0.14035087719298245 0.029605263157894735
0 0.33442982456140347 0.8434758771929824 0.39327485380116955 0.24671052631578946
0 0.748172514619883 0.4432565789473684 0.381578947368421 0.14364035087719298
0 0.7598684210526315 0.5474232456140351 0.13304093567251463 0.01864035087719298
0 0.7496345029239766 0.7711074561403508 0.3874269005847953 0.40021929824561403
