0 0.5310672514619883 0.05345394736842105 0.7309941520467835 0.043859649122807015
0 0.39071637426900585 0.10444078947368421 0.08187134502923976 0.03179824561403509
0 0.5325292397660818 0.10115131578947367 0.08771929824561403 0.025219298245614034
0 0.6706871345029239 0.09895833333333333 0.0891812865497076 0.03399122807017543
0 0.5310672514619883 0.18338815789473684 0.804093567251462 0.09320175438596491
0 0.5347222222222222 0.27001096491228066 0.8026315789473684 0.0537280701754386
0 0.3051900584795321 0.31167763157894735 0.3435672514619883 0.01206140350877193
0 0.6582602339181286 0.3067434210526316 0.17251461988304093 0.017543859649122806
0 0.5369152046783625 0.3544407894736842 0.7807017543859649 0.029605263157894735
0 0.5383771929824561 0.3983004385964912 0.3771929824561403 0.023026315789473683
0 0.5398391812865497 0.5161732456140351 0.804093567251462 0.17105263157894735
0 0.5413011695906432 0.6565241228070176 0.804093567251462 0.06140350877192982
0 0.31396198830409355 0.8511513157894737 0.4195906432748538 0.24013157894736842
0 0.7664473684210525 0.8478618421052632 0.4269005847953216 0.2708333333333333
