0 0.13194444444444445 0.01507675438596491 0.043859649122807015 0.015350877192982455
0 0.5588450292397661 0.013980263157894735 0.21929824561403508 0.021929824561403508
0 0.9418859649122806 0.0200109649122807 0.05263157894736842 0.03179824561403509
0 0.31688596491228066 0.10718201754385964 0.4225146198830409 0.1293859649122807
1 0.31469298245614036 0.2787828947368421 0.20760233918128654 0.1875
0 0.3161549707602339 0.40981359649122806 0.3713450292397661 0.039473684210526314
0 0.3198099415204678 0.45476973684210525 0.34941520467836257 0.019736842105263157
1 0.3117690058479532 0.7042214912280701 0.38596491228070173 0.4550438596491228
0 0.3198099415204678 0.959703947368421 0.2880116959064327 0.042763157894736836
0 0.7613304093567251 0.0956688596491228 0.3961988304093567 0.11293859649122806
0 0.6480263157894737 0.1576206140350877 0.18128654970760233 0.019736842105263157
0 0.7605994152046783 0.24698464912280702 0.4005847953216374 0.1524122807017544
0 0.7591374269005847 0.40104166666666663 0.4005847953216374 0.09429824561403508
0 0.7598684210526315 0.5024671052631579 0.402046783625731 0.10416666666666666
3 0.7584064327485379 0.3412828947368421 0.35526315789473684 0.029605263157894735
1 0.7562134502923976 0.6384320175438596 0.40350877192982454 0.1282894736842105
0 0.7605994152046783 0.7256030701754386 0.07602339181286549 0.02412280701754386
1 0.7532894736842105 0.8231907894736842 0.39473684210526316 0.1469298245614035
0 0.7554824561403508 0.9202302631578947 0.07748538011695906 0.01864035087719298
0 0.7540204678362573 0.9586074561403508 0.20906432748538012 0.023026315789473683
0 0.7540204678362573 0.9761513157894737 0.33771929824561403 0.020833333333333332
