0 0.16630116959064326 0.03974780701754386 0.02631578947368421 0.01644736842105263
0 0.5164473684210527 0.03426535087719298 0.19444444444444442 0.020833333333333332
0 0.13559941520467836 0.11650219298245613 0.05263157894736842 0.01864035087719298
0 0.5091374269005847 0.2118969298245614 0.8026315789473684 0.09320175438596491
0 0.5237573099415205 0.2689144736842105 0.2850877192982456 0.01425438596491228
0 0.21089181286549707 0.43229166666666663 0.20906432748538012 0.025219298245614034
0 0.5113304093567251 0.5084978070175439 0.8187134502923976 0.09210526315789473
0 0.5135233918128654 0.6143092105263157 0.7266081871345029 0.025219298245614034
0 0.3439327485380117 0.685032894736842 0.3961988304093567 0.019736842105263157
0 0.5208333333333333 0.772203947368421 0.8435672514619883 0.09758771929824561
0 0.12755847953216373 0.9333881578947368 0.05116959064327485 0.01864035087719298
3 0.5157163742690059 0.08141447368421052 0.09064327485380116 0.03179824561403509
3 0.5179093567251462 0.14172149122807018 0.08333333333333333 0.029605263157894735
3 0.5244883040935672 0.5808662280701754 0.4444444444444444 0.039473684210526314
3 0.5310672514619883 0.6499451754385964 0.4546783625730994 0.043859649122807015
3 0.5215643274853801 0.7102521929824561 0.22514619883040934 0.02631578947368421
3 0.5201023391812866 0.8730811403508771 0.19298245614035087 0.09100877192982455
3 0.5339912280701754 0.9684758771929824 0.5394736842105263 0.044956140350877194
0 0.9089912280701754 0.7053179824561403 0.05263157894736842 0.023026315789473683
0 0.9046052631578947 0.6477521929824561 0.05263157894736842 0.019736842105263157
0 0.9024122807017544 0.5775767543859649 0.054093567251461985 0.019736842105263157
2 0.5230263157894737 0.3368969298245614 0.7309941520467835 0.11513157894736842
