0 0.4923245614035087 0.016721491228070175 0.09210526315789473 0.020833333333333332
0 0.3475877192982456 0.06880482456140351 0.597953216374269 0.039473684210526314
0 0.19480994152046782 0.26014254385964913 0.2807017543859649 0.319078947368421
0 0.498172514619883 0.1888706140350877 0.3084795321637427 0.1875
0 0.18969298245614033 0.4564144736842105 0.2733918128654971 0.025219298245614034
0 0.20285087719298245 0.5726425438596491 0.29678362573099415 0.1962719298245614
1 0.49671052631578944 0.46463815789473684 0.31432748538011696 0.35526315789473684
0 0.8227339181286549 0.20093201754385964 0.3114035087719298 0.3300438596491228
0 0.8263888888888888 0.6389802631578947 0.3128654970760234 0.5197368421052632
0 0.8227339181286549 0.9503837719298245 0.2909356725146199 0.09429824561403508
0 0.42872807017543857 0.9586074561403508 0.45614035087719296 0.0756578947368421
0 0.346125730994152 0.7266995614035088 0.554093567251462 0.05263157894736842
0 0.11513157894736842 0.8692434210526315 0.1564327485380117 0.24780701754385964
0 0.42141812865497075 0.8264802631578947 0.47368421052631576 0.1644736842105263
