0 0.08296783625730994 0.5326206140350876 0.13304093567251463 0.9078947368421052
0 0.28179824561403505 0.02494517543859649 0.2178362573099415 0.03289473684210526
0 0.5610380116959064 0.054550438596491224 0.7763157894736842 0.05921052631578947
0 0.3110380116959064 0.22341008771929824 0.3026315789473684 0.27850877192982454
0 0.6370614035087719 0.30180921052631576 0.3260233918128655 0.09978070175438596
0 0.8848684210526315 0.21299342105263155 0.17543859649122806 0.2730263157894737
1 0.6260964912280701 0.16091008771929824 0.3187134502923976 0.15350877192982454
0 0.4375 0.3977521929824561 0.5058479532163742 0.039473684210526314
0 0.35928362573099415 0.4246162280701754 0.34064327485380114 0.023026315789473683
0 0.4784356725146199 0.49259868421052627 0.6432748538011696 0.11293859649122806
0 0.8914473684210525 0.45038377192982454 0.17982456140350878 0.1820175438596491
0 0.3870614035087719 0.5803179824561403 0.39035087719298245 0.038377192982456135
0 0.39437134502923976 0.6356907894736842 0.48391812865497075 0.07894736842105263
0 0.7189327485380117 0.6088267543859649 0.17105263157894735 0.10855263157894736
0 0.40826023391812866 0.7003837719298245 0.4415204678362573 0.03508771929824561
0 0.3958333333333333 0.7563048245614035 0.489766081871345 0.07675438596491227
0 0.7247807017543859 0.7332785087719298 0.16812865497076024 0.10964912280701754
0 0.4850146198830409 0.8933662280701754 0.6535087719298245 0.18640350877192982
0 0.900219298245614 0.772203947368421 0.14766081871345027 0.4221491228070175
