0 0.47916666666666663 0.02933114035087719 0.2982456140350877 0.02850877192982456
0 0.8556286549707602 0.02494517543859649 0.03654970760233918 0.019736842105263157
0 0.4806286549707602 0.21737938596491227 0.47953216374269003 0.029605263157894735
0 0.4199561403508772 0.25301535087719296 0.6535087719298245 0.02850877192982456
0 0.4850146198830409 0.34292763157894735 0.8538011695906432 0.07456140350877193
0 0.18092105263157893 0.4355811403508772 0.24269005847953215 0.020833333333333332
0 0.15679824561403508 0.5041118421052632 0.2002923976608187 0.019736842105263157
0 0.4850146198830409 0.5814144736842105 0.8596491228070176 0.04714912280701754
0 0.8768274853801169 0.28371710526315785 0.07894736842105263 0.021929824561403508
0 0.8739035087719298 0.46847587719298245 0.07017543859649122 0.023026315789473683
0 0.8775584795321637 0.6241776315789473 0.07456140350877193 0.01864035087719298
0 0.48793859649122806 0.6795504385964912 0.8596491228070176 0.09649122807017543
0 0.13998538011695905 0.7848135964912281 0.14912280701754385 0.02412280701754386
0 0.1955409356725146 0.8500548245614035 0.26608187134502925 0.025219298245614034
0 0.26937134502923976 0.9120065789473684 0.4137426900584795 0.02631578947368421
1 0.481359649122807 0.13240131578947367 0.3991228070175438 0.1293859649122807
3 0.47989766081871343 0.2891995614035088 0.5014619883040935 0.041666666666666664
3 0.4777046783625731 0.40213815789473684 0.18421052631578946 0.03508771929824561
3 0.4806286549707602 0.46847587719298245 0.14912280701754385 0.03179824561403509
3 0.4820906432748538 0.5386513157894737 0.2046783625730994 0.03618421052631579
3 0.47916666666666663 0.6214364035087719 0.2046783625730994 0.02412280701754386
3 0.48282163742690054 0.7497258771929824 0.18567251461988304 0.03070175438596491
3 0.48355263157894735 0.8193530701754386 0.2309941520467836 0.038377192982456135
3 0.48282163742690054 0.884594298245614 0.29678362573099415 0.03508771929824561
3 0.4886695906432748 0.9646381578947368 0.5423976608187134 0.06578947368421052
