0 0.4535818713450292 0.026041666666666664 0.0847953216374269 0.02850877192982456
0 0.3848684210526316 0.0649671052631579 0.7280701754385964 0.04057017543859649
0 0.39364035087719296 0.17242324561403508 0.7309941520467835 0.16776315789473684
0 0.16191520467836257 0.31277412280701755 0.27923976608187134 0.0625
0 0.16776315789473684 0.6154057017543859 0.2850877192982456 0.5339912280701754
0 0.160453216374269 0.8977521929824561 0.1739766081871345 0.021929824561403508
0 0.16557017543859648 0.9481907894736842 0.2894736842105263 0.07456140350877193
0 0.5413011695906432 0.5183662280701754 0.43859649122807015 0.03070175438596491
0 0.5398391812865497 0.565515350877193 0.43859649122807015 0.02850877192982456
0 0.4674707602339181 0.647203947368421 0.3084795321637427 0.12390350877192982
0 0.6999269005847952 0.7776864035087719 0.15350877192982454 0.39364035087719296
0 0.8336988304093567 0.060032894736842105 0.12573099415204678 0.043859649122807015
0 0.8505116959064327 0.36979166666666663 0.1593567251461988 0.5712719298245613
0 0.8585526315789473 0.6839364035087719 0.13742690058479531 0.03728070175438596
0 0.8644005847953216 0.8385416666666666 0.14327485380116958 0.2675438596491228
1 0.5369152046783625 0.3840460526315789 0.45614035087719296 0.2269736842105263
1 0.4674707602339181 0.8456688596491228 0.3026315789473684 0.26206140350877194
