0 0.5140716374269005 0.11143092105263157 0.633406432748538 0.02494517543859649
0 0.5155336257309941 0.18215460526315788 0.6516812865497076 0.11430921052631578
0 0.3382675438596491 0.2513706140350877 0.3029970760233918 0.02412280701754386
0 0.5095029239766081 0.36430921052631576 0.6637426900584795 0.19298245614035087
0 0.32437865497076024 0.48547149122807015 0.30007309941520466 0.02631578947368421
0 0.5080409356725146 0.5453673245614035 0.6761695906432749 0.0912828947368421
0 0.30921052631578944 0.6133497807017544 0.2909356725146199 0.026041666666666664
0 0.5049342105263157 0.6647478070175438 0.6977339181286549 0.08333333333333333
0 0.34137426900584794 0.7264254385964912 0.3640350877192982 0.02631578947368421
0 0.5032894736842105 0.806469298245614 0.712719298245614 0.13596491228070173
