1 0.4952485380116959 0.058388157894736836 0.27923976608187134 0.10416666666666666
0 0.4989035087719298 0.1850328947368421 0.8976608187134503 0.07017543859649122
0 0.15314327485380116 0.265625 0.22660818713450293 0.020833333333333332
0 0.4089912280701754 0.29742324561403505 0.7412280701754386 0.038377192982456135
0 0.4184941520467836 0.35992324561403505 0.7807017543859649 0.0712719298245614
0 0.09466374269005848 0.4355811403508772 0.11257309941520467 0.0537280701754386
0 0.45285087719298245 0.45751096491228066 0.5073099415204678 0.04057017543859649
0 0.49671052631578944 0.4213267543859649 0.5862573099415205 0.03618421052631579
0 0.18092105263157893 0.659265350877193 0.293859649122807 0.3651315789473684
0 0.5785818713450293 0.7985197368421052 0.4751461988304093 0.0800438596491228
1 0.5727339181286549 0.615953947368421 0.48391812865497075 0.2631578947368421
0 0.8972953216374269 0.26233552631578944 0.13304093567251463 0.04057017543859649
0 0.9038742690058479 0.4207785087719298 0.1608187134502924 0.2741228070175438
0 0.8987573099415204 0.6082785087719298 0.12719298245614036 0.039473684210526314
0 0.9016812865497076 0.7924890350877193 0.1388888888888889 0.3048245614035088
0 0.3388157894736842 0.8681469298245613 0.5716374269005847 0.041666666666666664
0 0.20211988304093567 0.8961074561403508 0.2982456140350877 0.025219298245614034
0 0.339546783625731 0.9503837719298245 0.6286549707602339 0.08333333333333333
0 0.7306286549707602 0.9147478070175438 0.141812865497076 0.14364035087719298
0 0.8870614035087718 0.9651864035087718 0.12719298245614036 0.038377192982456135
1 0.13048245614035087 0.1006030701754386 0.15497076023391812 0.08114035087719298
0 0.8512426900584795 0.02987938596491228 0.1871345029239766 0.020833333333333332
