0 0.15168128654970758 0.04303728070175438 0.023391812865497075 0.01425438596491228
0 0.5222953216374269 0.0381030701754386 0.20614035087719296 0.019736842105263157
0 0.9009502923976608 0.0912828947368421 0.06286549707602339 0.023026315789473683
0 0.9031432748538011 0.14720394736842105 0.06432748538011696 0.023026315789473683
0 0.3300438596491228 0.12088815789473684 0.3742690058479532 0.01864035087719298
0 0.3366228070175438 0.16858552631578946 0.48684210526315785 0.019736842105263157
3 0.5244883040935672 0.08580043859649122 0.27192982456140347 0.042763157894736836
3 0.5244883040935672 0.1450109649122807 0.27485380116959063 0.023026315789473683
0 0.5222953216374269 0.21573464912280702 0.27923976608187134 0.02412280701754386
0 0.16776315789473684 0.278234649122807 0.14327485380116958 0.02412280701754386
0 0.5157163742690059 0.3763706140350877 0.8567251461988303 0.14802631578947367
1 0.5259502923976608 0.5413925438596491 0.5497076023391813 0.1381578947368421
0 0.5237573099415205 0.6313048245614035 0.22660818713450293 0.019736842105263157
0 0.5222953216374269 0.7327302631578947 0.8581871345029239 0.17214912280701752
1 0.5274122807017544 0.8643092105263157 0.38888888888888884 0.042763157894736836
0 0.5237573099415205 0.9048793859649122 0.22076023391812866 0.01864035087719298
0 0.5244883040935672 0.9498355263157894 0.871345029239766 0.0800438596491228
