0 0.2094298245614035 0.02713815789473684 0.4093567251461988 0.03508771929824561
0 0.31688596491228066 0.20202850877192982 0.6154970760233918 0.319078947368421
1 0.7722953216374269 0.1976425438596491 0.27192982456140347 0.3366228070175438
0 0.12682748538011696 0.39665570175438597 0.1915204678362573 0.02850877192982456
0 0.1736111111111111 0.6356907894736842 0.29678362573099415 0.46929824561403505
0 0.471125730994152 0.5397478070175439 0.29532163742690054 0.27960526315789475
0 0.7737573099415205 0.5419407894736842 0.2894736842105263 0.27960526315789475
1 0.4718567251461988 0.7990679824561403 0.29970760233918126 0.21052631578947367
1 0.7613304093567251 0.7946820175438596 0.2733918128654971 0.20175438596491227
0 0.8870614035087718 0.9026864035087718 0.04532163742690058 0.01644736842105263
