1 0.23793859649122806 0.06387061403508772 0.35818713450292394 0.10855263157894736
0 0.24013157894736842 0.12746710526315788 0.27485380116959063 0.01644736842105263
0 0.6970029239766081 0.01631030701754386 0.42836257309941517 0.03262061403508772
0 0.6977339181286549 0.0512609649122807 0.3684210526315789 0.03070175438596491
0 0.5478801169590642 0.10773026315789473 0.14766081871345027 0.0712719298245614
0 0.7788742690058479 0.17790570175438594 0.3114035087719298 0.2094298245614035
0 0.31761695906432746 0.1943530701754386 0.5847953216374269 0.042763157894736836
0 0.3198099415204678 0.24150219298245612 0.533625730994152 0.04057017543859649
0 0.08808479532163742 0.465734649122807 0.13742690058479531 0.38596491228070173
0 0.3980263157894737 0.5896381578947368 0.4678362573099415 0.1293859649122807
1 0.39071637426900585 0.39555921052631576 0.4649122807017544 0.2543859649122807
0 0.7861842105263157 0.3199013157894737 0.3084795321637427 0.043859649122807015
0 0.7883771929824561 0.40542763157894735 0.30994152046783624 0.12280701754385964
0 0.7934941520467835 0.49588815789473684 0.2850877192982456 0.03399122807017543
0 0.79203216374269 0.6027960526315789 0.3114035087719298 0.17763157894736842
0 0.31834795321637427 0.678453947368421 0.3669590643274854 0.017543859649122806
0 0.3212719298245614 0.7179276315789473 0.5921052631578947 0.04824561403508772
1 0.08442982456140351 0.7667214912280701 0.1154970760233918 0.04057017543859649
0 0.08954678362573099 0.8199013157894737 0.14035087719298245 0.046052631578947366
0 0.31761695906432746 0.796875 0.3157894736842105 0.10307017543859648
0 0.7956871345029239 0.7113486842105263 0.2894736842105263 0.02850877192982456
0 0.7934941520467835 0.7299890350877193 0.21198830409356723 0.015350877192982455
0 0.798611111111111 0.7804276315789473 0.3128654970760234 0.07675438596491227
0 0.2445175438596491 0.8719846491228069 0.36549707602339176 0.03399122807017543
0 0.09100877192982455 0.9449013157894737 0.14327485380116958 0.07456140350877193
0 0.32273391812865493 0.9339364035087718 0.3084795321637427 0.09429824561403508
0 0.5632309941520468 0.8571820175438596 0.1608187134502924 0.22807017543859648
0 0.7905701754385964 0.8478618421052632 0.2909356725146199 0.0537280701754386
0 0.798611111111111 0.928453947368421 0.3070175438596491 0.09429824561403508
