0 0.4996345029239766 0.01726973684210526 0.21052631578947367 0.02412280701754386
0 0.14364035087719298 0.01726973684210526 0.03654970760233918 0.017543859649122806
0 0.2766812865497076 0.09895833333333333 0.31725146198830406 0.027412280701754384
0 0.2094298245614035 0.16419956140350878 0.25584795321637427 0.021929824561403508
0 0.09027777777777778 0.27768640350877194 0.03508771929824561 0.025219298245614034
0 0.28691520467836257 0.3621162280701754 0.42543859649122806 0.04714912280701754
0 0.08223684210526315 0.4799890350877193 0.027777777777777776 0.021929824561403508
0 0.3205409356725146 0.5704495614035088 0.42836257309941517 0.0712719298245614
0 0.17653508771929824 0.6652960526315789 0.22807017543859648 0.021929824561403508
0 0.07785087719298245 0.7332785087719298 0.03654970760233918 0.021929824561403508
0 0.23793859649122806 0.8160635964912281 0.26900584795321636 0.05153508771929824
0 0.49671052631578944 0.9394188596491228 0.8859649122807017 0.08991228070175439
0 0.8826754385964912 0.04577850877192982 0.06432748538011696 0.03070175438596491
0 0.8914473684210525 0.5172697368421052 0.07602339181286549 0.02850877192982456
0 0.8892543859649122 0.8829495614035088 0.08333333333333333 0.027412280701754384
3 0.4989035087719298 0.06332236842105263 0.21198830409356723 0.03508771929824561
3 0.4989035087719298 0.13459429824561403 0.20321637426900585 0.03508771929824561
3 0.49671052631578944 0.22724780701754385 0.4853801169590643 0.08442982456140351
3 0.4923245614035087 0.31661184210526316 0.27192982456140347 0.04824561403508772
3 0.49159356725146197 0.4306469298245614 0.5862573099415205 0.08114035087719298
3 0.4850146198830409 0.5167214912280701 0.3830409356725146 0.038377192982456135
3 0.48793859649122806 0.6373355263157895 0.13742690058479531 0.04057017543859649
3 0.48793859649122806 0.7020285087719298 0.23976608187134502 0.04057017543859649
3 0.4850146198830409 0.772203947368421 0.2309941520467836 0.03618421052631579
3 0.48355263157894735 0.8719846491228069 0.18421052631578946 0.04057017543859649
