0 0.4722222222222222 0.09936951754385964 0.6688596491228069 0.021655701754385963
0 0.29331140350877194 0.17708333333333331 0.2986111111111111 0.02412280701754386
0 0.4630847953216374 0.2741228070175438 0.6257309941520468 0.02412280701754386
0 0.1600877192982456 0.38144188596491224 0.04093567251461988 0.021655701754385963
0 0.48428362573099415 0.4746436403508772 0.695906432748538 0.020559210526315787
0 0.4820906432748538 0.6070449561403508 0.712719298245614 0.03865131578947368
0 0.4859283625730994 0.7617872807017544 0.7233187134502923 0.0537280701754386
0 0.4859283625730994 0.8618421052631579 0.7328216374269005 0.027412280701754384
3 0.5650584795321637 0.1381578947368421 0.4948830409356725 0.042214912280701754
3 0.5688961988304093 0.22450657894736842 0.4901315789473684 0.07072368421052631
3 0.5765716374269005 0.33114035087719296 0.508406432748538 0.06962719298245613
3 0.5599415204678362 0.42886513157894735 0.5299707602339181 0.07538377192982455
3 0.5308845029239766 0.5368695175438596 0.6063596491228069 0.09237938596491227
3 0.537828947368421 0.6802357456140351 0.6290204678362573 0.0912828947368421
3 0.575657894736842 0.8218201754385964 0.5467836257309941 0.05263157894736842
