0 0.454312865497076 0.035910087719298246 0.37573099415204675 0.04824561403508772
0 0.7437865497076023 0.20367324561403508 0.2675438596491228 0.1162280701754386
0 0.7057748538011696 0.3182565789473684 0.12134502923976608 0.07346491228070175
0 0.768640350877193 0.40871710526315785 0.24122807017543857 0.07894736842105263
0 0.7956871345029239 0.528234649122807 0.19298245614035087 0.04824561403508772
0 0.7993421052631579 0.5945723684210525 0.27923976608187134 0.0668859649122807
0 0.8088450292397661 0.7184758771929824 0.283625730994152 0.12171052631578946
0 0.7657163742690059 0.8977521929824561 0.3114035087719298 0.08114035087719298
1 0.3336988304093567 0.46792763157894735 0.6257309941520468 0.6688596491228069
1 0.6904239766081871 0.959703947368421 0.14619883040935672 0.03179824561403509
1 0.29714912280701755 0.9399671052631579 0.49122807017543857 0.10855263157894736
