0 0.47331871345029236 0.028782894736842105 0.2894736842105263 0.023026315789473683
0 0.8358918128654971 0.022752192982456138 0.02631578947368421 0.021929824561403508
0 0.4747807017543859 0.07867324561403509 0.8362573099415205 0.046052631578947366
1 0.4777046783625731 0.17735745614035087 0.3216374269005848 0.13596491228070173
0 0.4718567251461988 0.2617872807017544 0.24269005847953215 0.019736842105263157
0 0.34539473684210525 0.29413377192982454 0.5073099415204678 0.03618421052631579
3 0.47039473684210525 0.33634868421052627 0.3391812865497076 0.041666666666666664
0 0.37317251461988304 0.36759868421052627 0.6388888888888888 0.029605263157894735
0 0.3651315789473684 0.4355811403508772 0.5438596491228069 0.027412280701754384
0 0.14290935672514618 0.509594298245614 0.1783625730994152 0.02412280701754386
0 0.08808479532163742 0.584703947368421 0.07456140350877193 0.020833333333333332
0 0.19334795321637427 0.6521381578947368 0.28216374269005845 0.017543859649122806
0 0.22404970760233917 0.7519188596491228 0.35526315789473684 0.02631578947368421
0 0.2671783625730994 0.8007127192982456 0.43859649122807015 0.023026315789473683
0 0.06615497076023391 0.8670504385964912 0.03070175438596491 0.019736842105263157
0 0.3673245614035088 0.9328399122807017 0.5482456140350876 0.02412280701754386
3 0.47404970760233917 0.4043311403508772 0.43421052631578944 0.03508771929824561
3 0.471125730994152 0.47231359649122806 0.41666666666666663 0.04824561403508772
3 0.46893274853801165 0.5490679824561403 0.6754385964912281 0.05263157894736842
3 0.47331871345029236 0.6154057017543859 0.347953216374269 0.04714912280701754
3 0.4777046783625731 0.7025767543859649 0.18128654970760233 0.07236842105263158
3 0.4747807017543859 0.8319627192982456 0.38011695906432746 0.039473684210526314
3 0.46966374269005845 0.8977521929824561 0.39035087719298245 0.041666666666666664
3 0.46893274853801165 0.966282894736842 0.35964912280701755 0.044956140350877194
