0 0.4921418128654971 0.08977521929824561 0.7233187134502923 0.04577850877192982
0 0.23008040935672514 0.13308662280701752 0.23282163742690057 0.022752192982456138
0 0.48665935672514615 0.1679002192982456 0.7525584795321637 0.0424890350877193
0 0.22624269005847952 0.20792214912280702 0.22514619883040934 0.028782894736842105
0 0.4941520467836257 0.25699013157894735 0.7492690058479532 0.06277412280701754
0 0.26133040935672514 0.30783991228070173 0.31359649122807015 0.03673245614035087
0 0.49671052631578944 0.3763706140350877 0.7660818713450293 0.08442982456140351
0 0.495796783625731 0.4432565789473684 0.2708333333333333 0.042214912280701754
0 0.36257309941520466 0.49122807017543857 0.43421052631578944 0.014802631578947368
0 0.5003654970760234 0.5596217105263157 0.7916666666666666 0.07428728070175439
0 0.5109649122807017 0.6528234649122807 0.8435672514619883 0.07319078947368421
0 0.47679093567251457 0.7893366228070176 0.6867690058479532 0.019462719298245612
0 0.5087719298245614 0.8993969298245613 0.8209064327485379 0.05482456140350877
0 0.9632675438596491 0.8384046052631579 0.04568713450292397 0.026041666666666664
0 0.9649122807017543 0.8869243421052632 0.03654970760233918 0.061677631578947366
0 0.8872441520467835 0.9486019736842105 0.13121345029239764 0.022752192982456138
3 0.4989035087719298 0.5157620614035088 0.3837719298245614 0.020559210526315787
3 0.5018274853801169 0.6059484649122807 0.4049707602339181 0.018366228070175437
3 0.4928728070175438 0.7316337719298245 0.33808479532163743 0.08223684210526315
3 0.5034722222222222 0.8371710526315789 0.4323830409356725 0.06524122807017543
