0 0.464546783625731 0.03974780701754386 0.283625730994152 0.025219298245614034
0 0.8285818713450291 0.03645833333333333 0.02631578947368421 0.01425438596491228
3 0.46673976608187134 0.13240131578947367 0.3961988304093567 0.12061403508771928
0 0.06396198830409357 0.21408991228070173 0.02631578947368421 0.023026315789473683
3 0.4682017543859649 0.234375 0.12134502923976608 0.019736842105263157
0 0.46893274853801165 0.2689144736842105 0.8333333333333333 0.049342105263157895
1 0.4725877192982456 0.35334429824561403 0.7207602339181286 0.12171052631578946
0 0.4747807017543859 0.428453947368421 0.26608187134502925 0.017543859649122806
0 0.30080409356725146 0.4553179824561403 0.4093567251461988 0.023026315789473683
0 0.3088450292397661 0.6444627192982456 0.4225146198830409 0.019736842105263157
0 0.46235380116959063 0.7201206140350876 0.706140350877193 0.043859649122807015
1 0.47404970760233917 0.5359100877192983 0.4751461988304093 0.125
0 0.4820906432748538 0.6165021929824561 0.26608187134502925 0.01644736842105263
3 0.48355263157894735 0.6691337719298245 0.2631578947368421 0.03399122807017543
1 0.4923245614035087 0.8451206140350876 0.5175438596491228 0.21710526315789472
0 0.4989035087719298 0.9684758771929824 0.17982456140350878 0.01425438596491228
