0 0.1472953216374269 0.03536184210526316 0.03216374269005848 0.020833333333333332
0 0.5135233918128654 0.026589912280701754 0.20321637426900585 0.01864035087719298
0 0.5113304093567251 0.09731359649122806 0.8333333333333333 0.07017543859649122
1 0.5157163742690059 0.21957236842105263 0.48830409356725146 0.15679824561403508
0 0.5171783625730993 0.31880482456140347 0.21637426900584794 0.021929824561403508
1 0.5215643274853801 0.4120065789473684 0.5233918128654971 0.15350877192982454
0 0.5222953216374269 0.5101425438596491 0.22076023391812866 0.020833333333333332
0 0.5157163742690059 0.5726425438596491 0.827485380116959 0.09758771929824561
0 0.525219298245614 0.6587171052631579 0.3084795321637427 0.02850877192982456
0 0.17580409356725146 0.7239583333333333 0.1388888888888889 0.020833333333333332
0 0.525219298245614 0.8506030701754386 0.8435672514619883 0.21710526315789472
3 0.5274122807017544 0.9772478070175438 0.26900584795321636 0.020833333333333332
0 0.9163011695906432 0.9695723684210525 0.06725146198830409 0.023026315789473683
