0 0.4930555555555555 0.29851973684210525 0.9093567251461988 0.11074561403508772
1 0.13925438596491227 0.44709429824561403 0.23684210526315788 0.20175438596491227
1 0.20723684210526314 0.056195175438596486 0.33187134502923976 0.10635964912280702
0 0.21162280701754385 0.17461622807017543 0.34941520467836257 0.12171052631578946
1 0.6684941520467836 0.12198464912280702 0.5321637426900585 0.23355263157894735
0 0.3980263157894737 0.4602521929824561 0.26023391812865493 0.21271929824561403
0 0.7306286549707602 0.4629934210526315 0.3991228070175438 0.2225877192982456
0 0.2701023391812865 0.653782894736842 0.5102339181286549 0.15679824561403508
0 0.20650584795321636 0.8582785087719298 0.3771929824561403 0.24342105263157893
0 0.46235380116959063 0.7996162280701754 0.13742690058479531 0.13486842105263158
1 0.7306286549707602 0.6499451754385964 0.4049707602339181 0.11184210526315788
1 0.7335526315789473 0.7831688596491228 0.3961988304093567 0.11293859649122806
0 0.6677631578947368 0.9229714912280701 0.5219298245614035 0.1074561403508772
