0 0.13559941520467836 0.04523026315789473 0.059941520467836254 0.020833333333333332
0 0.5091374269005847 0.05235745614035087 0.3742690058479532 0.02850877192982456
0 0.8914473684210525 0.05345394736842105 0.039473684210526314 0.02412280701754386
0 0.3059210526315789 0.140625 0.39766081871345027 0.14144736842105263
0 0.7247807017543859 0.1439144736842105 0.3845029239766082 0.14144736842105263
0 0.518640350877193 0.2519188596491228 0.4576023391812865 0.03508771929824561
2 0.5164473684210527 0.3730811403508772 0.8157894736842105 0.2182017543859649
0 0.31469298245614036 0.584703947368421 0.4005847953216374 0.15899122807017543
0 0.3117690058479532 0.772203947368421 0.40350877192982454 0.20285087719298245
0 0.31688596491228066 0.8983004385964912 0.4049707602339181 0.04714912280701754
0 0.7335526315789473 0.5501644736842105 0.3874269005847953 0.09868421052631579
0 0.7372076023391813 0.6439144736842105 0.38596491228070173 0.07785087719298245
0 0.7437865497076023 0.7568530701754386 0.39327485380116955 0.13486842105263158
0 0.7474415204678362 0.8708881578947368 0.38888888888888884 0.08223684210526315
