0 0.5078581871345029 0.1273300438596491 0.7035818713450293 0.0868969298245614
0 0.5095029239766081 0.19983552631578946 0.3961988304093567 0.02412280701754386
0 0.5096856725146198 0.30783991228070173 0.7584064327485379 0.1600877192982456
0 0.3952850877192982 0.40666118421052627 0.514985380116959 0.01726973684210526
0 0.512609649122807 0.44777960526315785 0.7766812865497076 0.046875
0 0.5201023391812866 0.5608552631578947 0.7828947368421052 0.17708333333333331
0 0.512609649122807 0.7779605263157894 0.8103070175438596 0.2593201754385965
0 0.9656432748538011 0.8229166666666666 0.043859649122807015 0.015899122807017545
0 0.9663742690058479 0.8759594298245613 0.04239766081871345 0.06058114035087719
0 0.8788377192982456 0.9343475877192982 0.13559941520467836 0.021655701754385963
