0 0.4886695906432748 0.030975877192982455 0.2002923976608187 0.020833333333333332
0 0.846125730994152 0.021655701754385963 0.023391812865497075 0.017543859649122806
0 0.49159356725146197 0.14775219298245612 0.3669590643274854 0.039473684210526314
0 0.49378654970760233 0.29523026315789475 0.45906432748538006 0.029605263157894735
0 0.518640350877193 0.3418311403508772 0.7953216374269005 0.03070175438596491
3 0.4923245614035087 0.3939144736842105 0.283625730994152 0.08223684210526315
0 0.8812134502923976 0.3900767543859649 0.0847953216374269 0.02850877192982456
0 0.49744152046783624 0.4728618421052631 0.8347953216374269 0.0756578947368421
3 0.5025584795321637 0.5293311403508771 0.5233918128654971 0.03289473684210526
0 0.8870614035087718 0.5243969298245613 0.05555555555555555 0.023026315789473683
0 0.2445175438596491 0.5578399122807017 0.32309941520467833 0.021929824561403508
0 0.1692251461988304 0.6071820175438596 0.17543859649122806 0.019736842105263157
0 0.20796783625730994 0.6729714912280701 0.26169590643274854 0.02412280701754386
0 0.49159356725146197 0.7393092105263157 0.8435672514619883 0.027412280701754384
0 0.498172514619883 0.8824013157894737 0.8625730994152047 0.08991228070175439
3 0.4923245614035087 0.5836074561403508 0.23391812865497075 0.027412280701754384
3 0.5018274853801169 0.6367872807017544 0.3260233918128655 0.03728070175438596
3 0.5018274853801169 0.7047697368421052 0.31432748538011696 0.03728070175438596
3 0.4996345029239766 0.7919407894736842 0.24269005847953215 0.0800438596491228
3 0.5018274853801169 0.9553179824561403 0.19736842105263158 0.05153508771929824
0 0.8921783625730993 0.7025767543859649 0.06578947368421052 0.019736842105263157
0 0.8965643274853801 0.7711074561403508 0.054093567251461985 0.020833333333333332
0 0.8972953216374269 0.8116776315789473 0.05263157894736842 0.01864035087719298
0 0.9009502923976608 0.9586074561403508 0.06286549707602339 0.025219298245614034
