0 0.4148391812865497 0.04029605263157895 0.7149122807017544 0.05263157894736842
0 0.3980263157894737 0.06990131578947369 0.21052631578947367 0.019736842105263157
0 0.42141812865497075 0.23327850877192982 0.7807017543859649 0.2982456140350877
0 0.8848684210526315 0.03536184210526316 0.13742690058479531 0.04714912280701754
0 0.8980263157894737 0.18448464912280702 0.16374269005847952 0.24232456140350875
0 0.8994883040935672 0.3242872807017544 0.13157894736842105 0.03289473684210526
0 0.8994883040935672 0.5359100877192983 0.15497076023391812 0.38596491228070173
0 0.9060672514619883 0.7442434210526315 0.13011695906432746 0.021929824561403508
0 0.9031432748538011 0.8319627192982456 0.141812865497076 0.14912280701754385
0 0.9024122807017544 0.9152960526315789 0.14327485380116958 0.015350877192982455
0 0.8980263157894737 0.9525767543859649 0.14327485380116958 0.05701754385964912
0 0.25182748538011696 0.4317434210526316 0.4327485380116959 0.02850877192982456
0 0.2525584795321637 0.4070723684210526 0.20321637426900585 0.020833333333333332
0 0.258406432748538 0.5331688596491228 0.4605263157894737 0.16557017543859648
1 0.6509502923976608 0.4690241228070175 0.3157894736842105 0.1600877192982456
0 0.6582602339181286 0.5638706140350876 0.2543859649122807 0.025219298245614034
0 0.6567982456140351 0.5918311403508771 0.30116959064327486 0.03508771929824561
0 0.34027777777777773 0.6713267543859649 0.5921052631578947 0.03618421052631579
0 0.3468567251461988 0.8440241228070176 0.6198830409356725 0.3026315789473684
0 0.7379385964912281 0.8029057017543859 0.16812865497076024 0.3673245614035088
0 0.32785087719298245 0.6455592105263157 0.3362573099415205 0.021929824561403508
