0 0.4725877192982456 0.014117324561403508 0.09064327485380116 0.028234649122807015
0 0.41045321637426896 0.06825657894736842 0.7646198830409356 0.05153508771929824
0 0.2445175438596491 0.2475328947368421 0.45614035087719296 0.29166666666666663
1 0.633406432748538 0.171875 0.30994152046783624 0.14473684210526316
0 0.6363304093567251 0.3270285087719298 0.3128654970760234 0.11732456140350876
0 0.8819444444444444 0.5101425438596491 0.17251461988304093 0.9550438596491228
0 0.40679824561403505 0.48547149122807015 0.7573099415204678 0.17763157894736842
0 0.633406432748538 0.6976425438596491 0.29532163742690054 0.24232456140350875
1 0.24524853801169588 0.6965460526315789 0.445906432748538 0.23355263157894735
0 0.24671052631578946 0.922423245614035 0.44298245614035087 0.13267543859649122
0 0.6253654970760234 0.9054276315789473 0.29970760233918126 0.1600877192982456
