0 0.44170321637426896 0.10622258771929824 0.6472953216374269 0.026041666666666664
0 0.2940423976608187 0.2308114035087719 0.3424707602339181 0.016995614035087717
0 0.25054824561403505 0.2948190789473684 0.2679093567251462 0.019462719298245612
0 0.2012061403508772 0.4140625 0.19042397660818713 0.018366228070175437
0 0.1600877192982456 0.47971491228070173 0.1111111111111111 0.014802631578947368
0 0.26882309941520466 0.5449561403508771 0.32273391812865493 0.014802631578947368
0 0.4462719298245614 0.6761239035087719 0.6929824561403508 0.18612938596491227
0 0.25219298245614036 0.8012609649122806 0.3048245614035088 0.023026315789473683
0 0.4448099415204678 0.8577302631578947 0.7017543859649122 0.06962719298245613
3 0.5301535087719298 0.16392543859649122 0.4674707602339181 0.0800438596491228
3 0.5688961988304093 0.265625 0.4053362573099415 0.041118421052631575
3 0.5431286549707602 0.35019188596491224 0.49049707602339176 0.08908991228070175
3 0.5575657894736842 0.4459978070175438 0.464546783625731 0.05921052631578947
3 0.5515350877192983 0.5100054824561403 0.4766081871345029 0.04797149122807017
3 0.5751096491228069 0.5677083333333333 0.4141081871345029 0.02412280701754386
