0 0.47057748538011696 0.13363486842105263 0.7233187134502923 0.07867324561403509
0 0.4943347953216374 0.4878015350877193 0.7737573099415205 0.2683662280701754
0 0.5020102339181286 0.9022752192982456 0.8132309941520467 0.058388157894736836
0 0.9396929824561403 0.8384046052631579 0.05043859649122807 0.026041666666666664
0 0.9519371345029239 0.8955592105263157 0.03179824561403509 0.05592105263157894
0 0.8629385964912281 0.9554550438596491 0.13084795321637427 0.020559210526315787
1 0.3024488304093567 0.265625 0.31396198830409355 0.16885964912280702
1 0.6549707602339181 0.25699013157894735 0.3216374269005848 0.17242324561403508
1 0.27960526315789475 0.7619243421052632 0.34137426900584794 0.20915570175438594
1 0.6885964912280701 0.7419133771929824 0.40350877192982454 0.24424342105263155
