0 0.20577485380116958 0.08744517543859649 0.15058479532163743 0.029605263157894735
1 0.21948099415204678 0.18736293859649122 0.15679824561403508 0.1493969298245614
1 0.48739035087719296 0.12280701754385964 0.35197368421052627 0.1074561403508772
1 0.7174707602339181 0.11362390350877193 0.09576023391812866 0.12088815789473684
1 0.8620248538011696 0.21696820175438594 0.1779970760233918 0.3209978070175438
1 0.5383771929824561 0.27576754385964913 0.45687134502923976 0.12554824561403508
1 0.41739766081871343 0.42091557017543857 0.418859649122807 0.14610745614035087
0 0.23318713450292397 0.31414473684210525 0.1293859649122807 0.0581140350877193
0 0.8103070175438596 0.42434210526315785 0.26973684210526316 0.06414473684210525
1 0.6907894736842105 0.6117050438596491 0.5358187134502924 0.19873903508771928
1 0.21180555555555555 0.7938596491228069 0.2357456140350877 0.22039473684210525
1 0.5080409356725146 0.8463541666666666 0.3684210526315789 0.3001644736842105
1 0.8271198830409356 0.7915296052631579 0.3428362573099415 0.2206688596491228
0 0.9351242690058479 0.9634046052631579 0.06834795321637427 0.020559210526315787
0 0.28563596491228066 0.5448190789473684 0.17653508771929824 0.021655701754385963
0 0.31834795321637427 0.6322642543859649 0.25146198830409355 0.13459429824561403
1 0.39674707602339176 0.5922423245614035 0.06396198830409357 0.059484649122807015
