0 0.47386695906432746 0.015899122807017545 0.14510233918128654 0.0268640350877193
0 0.4682017543859649 0.06524122807017543 0.4576023391812865 0.04989035087719298
0 0.4766081871345029 0.10279605263157894 0.2880116959064327 0.01864035087719298
0 0.08972953216374269 0.13527960526315788 0.14290935672514618 0.1855811403508772
0 0.4764254385964912 0.16858552631578946 0.6202485380116959 0.1112938596491228
0 0.8669590643274854 0.12239583333333333 0.1608187134502924 0.19106359649122806
0 0.16575292397660818 0.5640076754385964 0.30080409356725146 0.5249451754385964
0 0.471125730994152 0.3681469298245614 0.3070175438596491 0.1337719298245614
0 0.7065058479532164 0.3319627192982456 0.15204678362573099 0.20833333333333331
0 0.32419590643274854 0.26617324561403505 0.5365497076023391 0.05701754385964912
0 0.8709795321637427 0.2519188596491228 0.15058479532163743 0.05043859649122807
0 0.8702485380116959 0.34676535087719296 0.15789473684210525 0.13048245614035087
0 0.8687865497076023 0.4449013157894737 0.14327485380116958 0.043859649122807015
0 0.8709795321637427 0.7288925438596491 0.16520467836257308 0.5241228070175439
0 0.1699561403508772 0.9120065789473684 0.29239766081871343 0.1644736842105263
0 0.5544590643274854 0.7003837719298245 0.4444444444444444 0.041666666666666664
0 0.5508040935672515 0.859375 0.4576023391812865 0.26973684210526316
1 0.5508040935672515 0.5605811403508771 0.4634502923976608 0.23355263157894735
