0 0.19700292397660818 0.056743421052631575 0.02631578947368421 0.02412280701754386
0 0.5544590643274854 0.04797149122807017 0.13011695906432746 0.019736842105263157
0 0.5493421052631579 0.10334429824561403 0.8070175438596491 0.044956140350877194
1 0.5544590643274854 0.1713267543859649 0.25584795321637427 0.09100877192982455
0 0.5500730994152047 0.234375 0.20321637426900585 0.019736842105263157
0 0.34978070175438597 0.2612390350877193 0.3464912280701754 0.01864035087719298
0 0.9279970760233918 0.2826206140350877 0.05555555555555555 0.02412280701754386
0 0.9301900584795321 0.4240679824561403 0.04824561403508772 0.019736842105263157
0 0.9309210526315789 0.6581688596491228 0.06432748538011696 0.027412280701754384
0 0.9316520467836257 0.9503837719298245 0.05701754385964912 0.021929824561403508
0 0.3439327485380117 0.30783991228070173 0.3961988304093567 0.02412280701754386
0 0.46966374269005845 0.35334429824561403 0.641812865497076 0.01644736842105263
0 0.5127923976608186 0.403234649122807 0.7280701754385964 0.02631578947368421
0 0.2218567251461988 0.4514802631578947 0.14619883040935672 0.019736842105263157
0 0.5069444444444444 0.49588815789473684 0.631578947368421 0.020833333333333332
0 0.1823830409356725 0.5452302631578947 0.05847953216374269 0.01425438596491228
0 0.42068713450292394 0.6219846491228069 0.5438596491228069 0.029605263157894735
0 0.5537280701754386 0.7064144736842105 0.8187134502923976 0.0537280701754386
0 0.24378654970760233 0.7793311403508771 0.11403508771929824 0.019736842105263157
0 0.42872807017543857 0.8423793859649122 0.4780701754385965 0.025219298245614034
3 0.552266081871345 0.28152412280701755 0.19883040935672514 0.02412280701754386
3 0.5515350877192983 0.33031798245614036 0.2353801169590643 0.020833333333333332
3 0.5500730994152047 0.37746710526315785 0.20321637426900585 0.020833333333333332
3 0.5493421052631579 0.42626096491228066 0.30409356725146197 0.019736842105263157
3 0.5515350877192983 0.4745065789473684 0.13596491228070173 0.019736842105263157
3 0.5529970760233918 0.5238486842105263 0.31725146198830406 0.02631578947368421
3 0.5566520467836257 0.5803179824561403 0.20760233918128654 0.03179824561403509
3 0.548611111111111 0.6614583333333333 0.34064327485380114 0.03399122807017543
3 0.5478801169590642 0.7469846491228069 0.10818713450292397 0.03179824561403509
3 0.5478801169590642 0.8122258771929824 0.3508771929824561 0.03728070175438596
3 0.5500730994152047 0.9290021929824561 0.5687134502923976 0.12390350877192982
