0 0.11805555555555555 0.04139254385964912 0.03654970760233918 0.013157894736842105
0 0.5281432748538012 0.03262061403508772 0.2134502923976608 0.021929824561403508
0 0.900219298245614 0.04084429824561403 0.05116959064327485 0.025219298245614034
1 0.2627923976608187 0.1356907894736842 0.24122807017543857 0.10307017543859648
1 0.5120614035087719 0.1313048245614035 0.25146198830409355 0.10307017543859648
1 0.768640350877193 0.12856359649122806 0.24415204678362573 0.10855263157894736
0 0.25475146198830406 0.1981907894736842 0.04678362573099415 0.015350877192982455
0 0.5113304093567251 0.19490131578947367 0.04239766081871345 0.017543859649122806
0 0.7635233918128654 0.19216008771929824 0.043859649122807015 0.01864035087719298
0 0.5135233918128654 0.22834429824561403 0.10818713450292397 0.01864035087719298
1 0.258406432748538 0.309484649122807 0.25 0.10416666666666666
1 0.5135233918128654 0.30729166666666663 0.24561403508771928 0.10416666666666666
1 0.7693713450292398 0.30783991228070173 0.24269005847953215 0.10526315789473684
0 0.2540204678362573 0.36979166666666663 0.04532163742690058 0.01425438596491228
0 0.5098684210526315 0.37033991228070173 0.039473684210526314 0.017543859649122806
0 0.7598684210526315 0.3686951754385965 0.039473684210526314 0.01644736842105263
0 0.5142543859649122 0.40158991228070173 0.1067251461988304 0.020833333333333332
0 0.5135233918128654 0.44435307017543857 0.40350877192982454 0.03618421052631579
1 0.258406432748538 0.5320723684210527 0.24707602339181284 0.10855263157894736
1 0.5098684210526315 0.5364583333333333 0.24415204678362573 0.10635964912280702
1 0.7679093567251462 0.5353618421052632 0.25146198830409355 0.10855263157894736
0 0.2591374269005848 0.5945723684210525 0.04678362573099415 0.01425438596491228
0 0.5135233918128654 0.5962171052631579 0.04678362573099415 0.017543859649122806
0 0.7664473684210525 0.5984100877192983 0.04678362573099415 0.015350877192982455
0 0.5135233918128654 0.6285635964912281 0.10818713450292397 0.020833333333333332
1 0.26059941520467833 0.7047697368421052 0.24561403508771928 0.10964912280701754
1 0.5135233918128654 0.7064144736842105 0.24853801169590642 0.10635964912280702
1 0.7693713450292398 0.7113486842105263 0.25146198830409355 0.10964912280701754
0 0.2576754385964912 0.7639802631578947 0.05555555555555555 0.013157894736842105
0 0.5062134502923976 0.7667214912280701 0.049707602339181284 0.01644736842105263
0 0.7605994152046783 0.7733004385964912 0.043859649122807015 0.01425438596491228
0 0.5120614035087719 0.7985197368421052 0.09941520467836257 0.01864035087719298
0 0.5142543859649122 0.8418311403508771 0.3991228070175438 0.043859649122807015
0 0.2949561403508772 0.9257127192982456 0.402046783625731 0.11513157894736842
0 0.5712719298245613 0.8900767543859649 0.08625730994152046 0.019736842105263157
0 0.6443713450292398 0.9141995614035088 0.24415204678362573 0.02631578947368421
0 0.7328216374269005 0.9569627192982456 0.4122807017543859 0.06798245614035087
