0 0.5222953216374269 0.02549342105263158 0.0935672514619883 0.03179824561403509
0 0.44188596491228066 0.06551535087719298 0.6812865497076023 0.04824561403508772
0 0.4396929824561403 0.09841008771929824 0.489766081871345 0.021929824561403508
0 0.4396929824561403 0.2113486842105263 0.7763157894736842 0.20833333333333331
0 0.20650584795321636 0.371984649122807 0.2777777777777778 0.06469298245614034
0 0.20211988304093567 0.6060855263157895 0.30409356725146197 0.4057017543859649
0 0.19773391812865496 0.8368969298245613 0.2894736842105263 0.027412280701754384
0 0.19480994152046782 0.9185855263157894 0.30994152046783624 0.14473684210526316
1 0.5910087719298245 0.453125 0.45614035087719296 0.24671052631578946
0 0.5902777777777778 0.6219846491228069 0.43128654970760233 0.04057017543859649
0 0.5844298245614035 0.7738486842105263 0.4605263157894737 0.25219298245614036
0 0.589546783625731 0.940515350877193 0.45321637426900585 0.09649122807017543
0 0.8980263157894737 0.5123355263157895 0.10818713450292397 0.9682017543859649
