0 0.5032894736842105 0.022203947368421052 0.1915204678362573 0.025219298245614034
0 0.16264619883040934 0.0200109649122807 0.033625730994152045 0.020833333333333332
3 0.4952485380116959 0.06058114035087719 0.5116959064327485 0.027412280701754384
0 0.8636695906432748 0.05016447368421052 0.06140350877192982 0.021929824561403508
0 0.4265350877192982 0.08360745614035087 0.567251461988304 0.027412280701754384
3 0.49744152046783624 0.11540570175438596 0.22953216374269003 0.04057017543859649
0 0.17580409356725146 0.14172149122807018 0.15350877192982454 0.023026315789473683
0 0.20869883040935672 0.18667763157894735 0.2222222222222222 0.025219298245614034
3 0.4989035087719298 0.16529605263157893 0.3464912280701754 0.02412280701754386
0 0.2978801169590643 0.22395833333333331 0.40350877192982454 0.03399122807017543
0 0.5025584795321637 0.3231907894736842 0.8187134502923976 0.16228070175438597
3 0.5047514619883041 0.4306469298245614 0.2149122807017544 0.03728070175438596
0 0.873172514619883 0.4290021929824561 0.07748538011695906 0.029605263157894735
0 0.11293859649122806 0.4608004385964912 0.059941520467836254 0.025219298245614034
0 0.19919590643274854 0.5052083333333333 0.24122807017543857 0.02850877192982456
0 0.09539473684210525 0.5742872807017544 0.03070175438596491 0.02412280701754386
0 0.10562865497076022 0.6219846491228069 0.05116959064327485 0.03179824561403509
0 0.31396198830409355 0.6910635964912281 0.49122807017543857 0.029605263157894735
0 0.29276315789473684 0.7606907894736842 0.35526315789473684 0.02850877192982456
0 0.24671052631578946 0.8253837719298245 0.35964912280701755 0.05043859649122807
0 0.13559941520467836 0.9032346491228069 0.14619883040935672 0.02850877192982456
0 0.8855994152046783 0.5419407894736842 0.07602339181286549 0.029605263157894735
0 0.8855994152046783 0.603344298245614 0.06725146198830409 0.023026315789473683
0 0.8826754385964912 0.6636513157894737 0.07309941520467836 0.023026315789473683
0 0.889985380116959 0.7299890350877193 0.07309941520467836 0.02412280701754386
3 0.5003654970760234 0.4876644736842105 0.141812865497076 0.03289473684210526
3 0.4989035087719298 0.5446820175438596 0.19736842105263158 0.03289473684210526
3 0.498172514619883 0.6022478070175439 0.19883040935672514 0.027412280701754384
3 0.49671052631578944 0.659265350877193 0.19298245614035087 0.03399122807017543
3 0.49671052631578944 0.7288925438596491 0.24561403508771928 0.039473684210526314
3 0.498172514619883 0.7859100877192982 0.5497076023391813 0.03289473684210526
3 0.5018274853801169 0.8697916666666666 0.24707602339181284 0.04057017543859649
3 0.5025584795321637 0.9438048245614035 0.6608187134502923 0.043859649122807015
