0 0.10270467836257309 0.04139254385964912 0.06725146198830409 0.02412280701754386
0 0.4850146198830409 0.04029605263157895 0.34064327485380114 0.03070175438596491
0 0.8841374269005847 0.033717105263157895 0.027777777777777776 0.021929824561403508
0 0.27521929824561403 0.09731359649122806 0.4093567251461988 0.06140350877192982
0 0.14802631578947367 0.13733552631578946 0.14912280701754385 0.01864035087719298
0 0.2942251461988304 0.42735745614035087 0.4327485380116959 0.5548245614035088
1 0.3117690058479532 0.8259320175438596 0.3333333333333333 0.21162280701754385
0 0.3212719298245614 0.9679276315789473 0.22953216374269003 0.039473684210526314
0 0.7203947368421052 0.2754934210526316 0.4049707602339181 0.41776315789473684
0 0.7284356725146198 0.5145285087719298 0.20175438596491227 0.01425438596491228
0 0.7342836257309941 0.5320723684210527 0.38888888888888884 0.01864035087719298
2 0.7350146198830408 0.6230811403508771 0.3114035087719298 0.1699561403508772
0 0.6465643274853801 0.7382127192982456 0.21637426900584794 0.01864035087719298
0 0.7401315789473684 0.8588267543859649 0.4122807017543859 0.2269736842105263
