0 0.4928728070175438 0.14679276315789472 0.7737573099415205 0.14172149122807018
0 0.4950657894736842 0.27521929824561403 0.7810672514619883 0.042214912280701754
0 0.4989035087719298 0.38774671052631576 0.7982456140350876 0.1713267543859649
0 0.504203216374269 0.6156798245614035 0.8241959064327485 0.18859649122807015
0 0.504203216374269 0.8577302631578947 0.8483187134502923 0.20668859649122806
0 0.9702119883040935 0.8708881578947368 0.0442251461988304 0.025219298245614034
0 0.9709429824561403 0.9268092105263157 0.0398391812865497 0.05701754385964912
0 0.8949195906432748 0.9857456140350876 0.1158625730994152 0.016995614035087717
3 0.466922514619883 0.2376644736842105 0.6363304093567251 0.0400219298245614
3 0.44864766081871343 0.49972587719298245 0.6363304093567251 0.05043859649122807
3 0.45230263157894735 0.7332785087719298 0.6655701754385964 0.042214912280701754
