0 0.5383771929824561 0.18996710526315788 0.3421052631578947 0.04714912280701754
0 0.5325292397660818 0.2508223684210526 0.33040935672514615 0.046052631578947366
0 0.19042397660818713 0.29851973684210525 0.2134502923976608 0.023026315789473683
0 0.2942251461988304 0.44051535087719296 0.4122807017543859 0.2543859649122807
0 0.2847222222222222 0.6735197368421052 0.43128654970760233 0.2094298245614035
0 0.2803362573099415 0.9032346491228069 0.4225146198830409 0.1381578947368421
0 0.4755116959064327 0.8363486842105262 0.043859649122807015 0.02412280701754386
0 0.7489035087719298 0.32483552631578944 0.42105263157894735 0.06907894736842105
0 0.7452485380116959 0.4487390350877193 0.4195906432748538 0.1699561403508772
0 0.7364766081871345 0.8127741228070176 0.4195906432748538 0.34539473684210525
1 0.5317982456140351 0.09512061403508772 0.7704678362573099 0.1425438596491228
3 0.28326023391812866 0.7985197368421052 0.43421052631578944 0.044956140350877194
3 0.7408625730994152 0.5885416666666666 0.25584795321637427 0.10087719298245613
