1 0.133406432748538 0.0918311403508772 0.19298245614035087 0.1732456140350877
1 0.7876461988304093 0.12308114035087718 0.293859649122807 0.23793859649122806
1 0.8614766081871345 0.3314144736842105 0.24853801169590642 0.1611842105263158
1 0.7956871345029239 0.5041118421052632 0.3362573099415205 0.1732456140350877
1 0.700657894736842 0.697094298245614 0.13450292397660818 0.19298245614035087
1 0.879751461988304 0.6965460526315789 0.21198830409356723 0.1962719298245614
1 0.741593567251462 0.884594298245614 0.21637426900584794 0.16228070175438597
0 0.9148391812865496 0.8895285087719298 0.11257309941520467 0.14364035087719298
0 0.42141812865497075 0.1581688596491228 0.36549707602339176 0.0668859649122807
0 0.329312865497076 0.20422149122807015 0.5760233918128654 0.029605263157894735
0 0.3285818713450292 0.6077302631578947 0.5950292397660818 0.7576754385964912
0 0.6787280701754386 0.3401864035087719 0.09649122807017543 0.14802631578947367
