1 0.3739035087719298 0.12335526315789473 0.21929824561403508 0.21107456140350875
1 0.7372076023391813 0.1313048245614035 0.4400584795321637 0.22039473684210525
1 0.5224780701754386 0.3300438596491228 0.8819444444444444 0.17489035087719298
1 0.5224780701754386 0.5357730263157895 0.6626461988304093 0.19983552631578946
1 0.2589546783625731 0.7213541666666666 0.15679824561403508 0.15323464912280702
1 0.475328947368421 0.7195723684210525 0.19042397660818713 0.14967105263157893
1 0.30098684210526316 0.8867872807017544 0.26498538011695905 0.10964912280701754
1 0.7417763157894737 0.8995339912280701 0.5135233918128654 0.18722587719298245
0 0.7205774853801169 0.6961348684210525 0.24817251461988302 0.022752192982456138
0 0.7730263157894737 0.7556195175438596 0.33479532163742687 0.0868969298245614
1 0.9069809941520467 0.7453399122807017 0.06103801169590643 0.05482456140350877
