0 0.4470029239766082 0.12801535087719298 0.6366959064327485 0.02631578947368421
0 0.3260233918128655 0.2016173245614035 0.37938596491228066 0.022752192982456138
0 0.44864766081871343 0.28097587719298245 0.6458333333333333 0.09265350877192982
0 0.37317251461988304 0.3569078947368421 0.4890350877192982 0.013706140350877192
0 0.4508406432748538 0.38322368421052627 0.6443713450292398 0.018092105263157895
0 0.22094298245614033 0.42941337719298245 0.20577485380116958 0.019462719298245612
0 0.13559941520467836 0.49862938596491224 0.03216374269005848 0.025219298245614034
0 0.2529239766081871 0.5689418859649122 0.26973684210526316 0.019462719298245612
0 0.17141812865497075 0.6169133771929824 0.1154970760233918 0.021655701754385963
0 0.26443713450292394 0.6887335526315789 0.3044590643274854 0.021655701754385963
0 0.19279970760233917 0.7372532894736842 0.17068713450292397 0.02494517543859649
0 0.37171052631578944 0.8093475877192982 0.5285087719298245 0.022752192982456138
0 0.4539473684210526 0.8652686403508771 0.7017543859649122 0.02987938596491228
3 0.5285087719298245 0.16913377192982454 0.4707602339181286 0.0400219298245614
3 0.5292397660818713 0.22669956140350875 0.4780701754385965 0.023026315789473683
3 0.5780336257309941 0.4089912280701754 0.3958333333333333 0.02631578947368421
3 0.4448099415204678 0.46546052631578944 0.22076023391812866 0.045504385964912276
3 0.5561038011695906 0.5334429824561403 0.44919590643274854 0.044407894736842105
3 0.435672514619883 0.5978618421052632 0.14766081871345027 0.027412280701754384
3 0.5657894736842105 0.6517269736842105 0.4722222222222222 0.03645833333333333
3 0.566703216374269 0.7155975877192982 0.47039473684210525 0.02494517543859649
3 0.5681652046783625 0.7727521929824561 0.464546783625731 0.05043859649122807
3 0.5864400584795322 0.8366228070175438 0.42799707602339176 0.025219298245614034
