0 0.48355263157894735 0.04413377192982456 0.28654970760233917 0.023026315789473683
0 0.8373538011695906 0.03426535087719298 0.02631578947368421 0.01425438596491228
0 0.4952485380116959 0.13733552631578946 0.8157894736842105 0.14583333333333331
0 0.18530701754385964 0.23218201754385964 0.21052631578947367 0.02412280701754386
0 0.4945175438596491 0.30783991228070173 0.837719298245614 0.12061403508771928
3 0.49159356725146197 0.3944627192982456 0.2704678362573099 0.043859649122807015
3 0.8695175438596491 0.3851425438596491 0.07602339181286549 0.027412280701754384
0 0.49744152046783624 0.4553179824561403 0.8318713450292398 0.07346491228070175
3 0.4901315789473684 0.5134320175438596 0.2178362573099415 0.027412280701754384
0 0.8775584795321637 0.5074013157894737 0.06871345029239766 0.02631578947368421
0 0.8812134502923976 0.5803179824561403 0.06725146198830409 0.027412280701754384
0 0.8877923976608186 0.7250548245614035 0.07456140350877193 0.020833333333333332
0 0.25548245614035087 0.5496162280701754 0.2777777777777778 0.025219298245614034
0 0.37536549707602335 0.6181469298245613 0.5935672514619883 0.02412280701754386
0 0.514985380116959 0.8708881578947368 0.881578947368421 0.24013157894736842
3 0.498172514619883 0.6910635964912281 0.4415204678362573 0.11513157894736842
