0 0.512609649122807 0.06565241228070175 0.7613304093567251 0.0868969298245614
0 0.2894736842105263 0.37075109649122806 0.34576023391812866 0.03207236842105263
0 0.516264619883041 0.48245614035087714 0.8300438596491228 0.1781798245614035
0 0.27485380116959063 0.5996436403508771 0.36549707602339176 0.023848684210526314
0 0.2894736842105263 0.7446546052631579 0.38523391812865493 0.033168859649122806
1 0.34502923976608185 0.2445175438596491 0.3501461988304093 0.16337719298245612
1 0.7213084795321637 0.22382127192982454 0.2986111111111111 0.2294407894736842
0 0.506578947368421 0.6710526315789473 0.8252923976608186 0.09594298245614034
0 0.5179093567251462 0.8304550438596491 0.8450292397660818 0.1313048245614035
0 0.9736842105263157 0.8097587719298245 0.05116959064327485 0.03289473684210526
0 0.9769736842105262 0.8658168859649122 0.039473684210526314 0.05345394736842105
0 0.8285818713450291 0.9257127192982456 0.27558479532163743 0.025219298245614034
