1 0.20211988304093567 0.07044956140350876 0.33040935672514615 0.10635964912280702
0 0.20358187134502922 0.13075657894736842 0.2134502923976608 0.025219298245614034
0 0.21016081871345027 0.2118969298245614 0.3260233918128655 0.06469298245614034
1 0.6509502923976608 0.12088815789473684 0.5263157894736842 0.2225877192982456
0 0.471125730994152 0.2963267543859649 0.8479532163742689 0.08223684210526315
1 0.15021929824561403 0.4476425438596491 0.24415204678362573 0.1918859649122807
0 0.40752923976608185 0.4520285087719298 0.25584795321637427 0.20285087719298245
0 0.7247807017543859 0.4476425438596491 0.3874269005847953 0.20723684210526314
0 0.2876461988304093 0.6384320175438596 0.5043859649122807 0.14583333333333331
1 0.7357456140350876 0.6252741228070176 0.38596491228070173 0.09758771929824561
1 0.7394005847953216 0.759594298245614 0.3961988304093567 0.09649122807017543
0 0.23282163742690057 0.8396381578947368 0.3742690058479532 0.2324561403508772
0 0.4784356725146199 0.7776864035087719 0.1286549707602339 0.12171052631578946
0 0.6867690058479532 0.8933662280701754 0.5102339181286549 0.09868421052631579
