0 0.11878654970760233 0.04358552631578947 0.05555555555555555 0.02850877192982456
0 0.4930555555555555 0.03700657894736842 0.3333333333333333 0.03508771929824561
0 0.8746345029239766 0.03755482456140351 0.03216374269005848 0.020833333333333332
0 0.29714912280701755 0.18338815789473684 0.4064327485380117 0.24013157894736842
0 0.3059210526315789 0.4174890350877193 0.4005847953216374 0.23903508771929824
0 0.31761695906432746 0.7519188596491228 0.4093567251461988 0.4276315789473684
0 0.7101608187134503 0.11047149122807016 0.3845029239766082 0.09429824561403508
0 0.7167397660818713 0.26617324561403505 0.39766081871345027 0.2149122807017544
0 0.7342836257309941 0.5452302631578947 0.4152046783625731 0.3388157894736842
0 0.7489035087719298 0.7579495614035088 0.39766081871345027 0.0581140350877193
0 0.7562134502923976 0.8747258771929824 0.4005847953216374 0.14912280701754385
