0 0.4775219298245614 0.07771381578947369 0.6911549707602339 0.019462719298245612
0 0.47989766081871343 0.11938048245614034 0.6929824561403508 0.04577850877192982
0 0.481359649122807 0.21929824561403508 0.6988304093567251 0.08333333333333333
0 0.20650584795321636 0.3015350877192982 0.14035087719298245 0.014802631578947368
0 0.48355263157894735 0.35471491228070173 0.6944444444444444 0.029605263157894735
0 0.48282163742690054 0.44257127192982454 0.7083333333333333 0.0868969298245614
0 0.31085526315789475 0.5111019736842105 0.35489766081871343 0.022752192982456138
0 0.48739035087719296 0.5888157894736842 0.7050438596491228 0.12774122807017543
0 0.4888523391812865 0.7828947368421052 0.7203947368421052 0.20339912280701752
3 0.5910087719298245 0.16392543859649122 0.4583333333333333 0.027412280701754384
3 0.5612207602339181 0.27754934210526316 0.54203216374269 0.023848684210526314
3 0.5994152046783625 0.32661732456140347 0.45687134502923976 0.023848684210526314
3 0.614766081871345 0.3895285087719298 0.43859649122807015 0.021929824561403508
3 0.5826023391812866 0.6698190789473684 0.5116959064327485 0.022752192982456138
