1 0.24232456140350875 0.06880482456140351 0.3289473684210526 0.09868421052631579
0 0.23501461988304093 0.13294956140350878 0.2178362573099415 0.023026315789473683
0 0.6794590643274854 0.08634868421052631 0.5219298245614035 0.1513157894736842
0 0.5018274853801169 0.27110745614035087 0.8538011695906432 0.17434210526315788
1 0.3029970760233918 0.496984649122807 0.49122807017543857 0.26206140350877194
1 0.15021929824561403 0.7464364035087719 0.1915204678362573 0.20175438596491227
1 0.4024122807017544 0.7228618421052632 0.3070175438596491 0.15679824561403508
0 0.7562134502923976 0.43612938596491224 0.39766081871345027 0.1513157894736842
0 0.7510964912280701 0.5512609649122807 0.33187134502923976 0.05921052631578947
0 0.6209795321637427 0.709703947368421 0.13011695906432746 0.21162280701754385
0 0.8249269005847952 0.6269188596491228 0.26900584795321636 0.043859649122807015
1 0.8198099415204678 0.721765350877193 0.2675438596491228 0.13486842105263158
0 0.5983187134502924 0.8944627192982456 0.6988304093567251 0.125
