0 0.12171052631578946 0.03262061403508772 0.05555555555555555 0.017543859649122806
0 0.5054824561403508 0.035910087719298246 0.381578947368421 0.02412280701754386
0 0.8980263157894737 0.03755482456140351 0.03216374269005848 0.01864035087719298
0 0.29641812865497075 0.1762609649122807 0.40789473684210525 0.23903508771929824
0 0.29714912280701755 0.37088815789473684 0.4093567251461988 0.14144736842105263
0 0.2978801169590643 0.484375 0.40789473684210525 0.08333333333333333
0 0.30372807017543857 0.759594298245614 0.4195906432748538 0.4671052631578947
0 0.7247807017543859 0.08086622807017543 0.3845029239766082 0.043859649122807015
0 0.7342836257309941 0.34237938596491224 0.40350877192982454 0.48793859649122806
0 0.6692251461988303 0.6175986842105263 0.26461988304093564 0.027412280701754384
0 0.7379385964912281 0.6724232456140351 0.3991228070175438 0.044956140350877194
0 0.7474415204678362 0.897203947368421 0.23976608187134502 0.04057017543859649
0 0.7503654970760234 0.9575109649122806 0.4093567251461988 0.04057017543859649
1 0.7445175438596491 0.7881030701754386 0.38596491228070173 0.15350877192982454
