0 0.4331140350877193 0.12362938596491227 0.7368421052631579 0.18859649122807015
1 0.9046052631578947 0.07867324561403509 0.1593567251461988 0.1513157894736842
0 0.9038742690058479 0.4915021929824561 0.15204678362573099 0.6655701754385964
0 0.3570906432748538 0.2579495614035088 0.5847953216374269 0.0668859649122807
0 0.19773391812865496 0.46737938596491224 0.2982456140350877 0.33223684210526316
1 0.18823099415204678 0.7080592105263157 0.2880116959064327 0.1513157894736842
0 0.498172514619883 0.5545504385964912 0.3084795321637427 0.5285087719298245
0 0.7364766081871345 0.47121710526315785 0.1564327485380117 0.4956140350877193
1 0.7372076023391813 0.7798793859649122 0.14619883040935672 0.0800438596491228
0 0.5105994152046783 0.9076206140350876 0.9210526315789473 0.17105263157894735
