0 0.504203216374269 0.12568530701754385 0.7021198830409356 0.08360745614035087
0 0.5078581871345029 0.2512335526315789 0.7218567251461988 0.17461622807017543
0 0.5080409356725146 0.5397478070175439 0.7675438596491228 0.1370614035087719
0 0.34813596491228066 0.7327302631578947 0.3987573099415204 0.029605263157894735
1 0.504203216374269 0.40200109649122806 0.498172514619883 0.1269188596491228
1 0.5087719298245614 0.6551535087719298 0.5343567251461988 0.0981359649122807
3 0.5102339181286549 0.8333333333333333 0.39766081871345027 0.1781798245614035
0 0.9550438596491228 0.8292214912280701 0.05043859649122807 0.021929824561403508
0 0.9610745614035087 0.8800712719298245 0.03179824561403509 0.059484649122807015
0 0.8735380116959064 0.9388706140350876 0.1337719298245614 0.021929824561403508
