0 0.48793859649122806 0.033168859649122806 0.2777777777777778 0.01864035087719298
0 0.8446637426900584 0.028234649122807015 0.02631578947368421 0.015350877192982455
1 0.49744152046783624 0.1713267543859649 0.6038011695906432 0.21162280701754385
0 0.49086257309941517 0.2902960526315789 0.3333333333333333 0.017543859649122806
0 0.21893274853801167 0.32648026315789475 0.283625730994152 0.017543859649122806
0 0.49086257309941517 0.4388706140350877 0.8304093567251462 0.18530701754385964
0 0.2905701754385965 0.5594846491228069 0.3538011695906432 0.042763157894736836
3 0.49086257309941517 0.6099232456140351 0.22807017543859648 0.042763157894736836
0 0.873172514619883 0.6099232456140351 0.06871345029239766 0.027412280701754384
0 0.2130847953216374 0.6422697368421052 0.283625730994152 0.019736842105263157
0 0.41045321637426896 0.678453947368421 0.5994152046783625 0.046052631578947366
3 0.4930555555555555 0.7277960526315789 0.10964912280701754 0.041666666666666664
0 0.4959795321637427 0.7870065789473684 0.8435672514619883 0.07456140350877193
3 0.4901315789473684 0.8358004385964912 0.1154970760233918 0.020833333333333332
0 0.08150584795321637 0.859375 0.03508771929824561 0.017543859649122806
3 0.48720760233918126 0.8818530701754386 0.17105263157894735 0.01864035087719298
0 0.15752923976608185 0.9213267543859649 0.1023391812865497 0.049342105263157895
3 0.49086257309941517 0.9629934210526315 0.27192982456140347 0.042763157894736836
0 0.8826754385964912 0.8818530701754386 0.08187134502923976 0.023026315789473683
