0 0.5098684210526315 0.023300438596491228 0.2807017543859649 0.027412280701754384
0 0.8644005847953216 0.018914473684210526 0.027777777777777776 0.01644736842105263
0 0.5230263157894737 0.08031798245614034 0.8216374269005847 0.0668859649122807
3 0.5105994152046783 0.13623903508771928 0.25 0.04057017543859649
0 0.8855994152046783 0.12966008771929824 0.07309941520467836 0.025219298245614034
0 0.22039473684210525 0.17023026315789472 0.17251461988304093 0.027412280701754384
0 0.5091374269005847 0.5474232456140351 0.20906432748538012 0.025219298245614034
0 0.5105994152046783 0.5995065789473684 0.8435672514619883 0.09429824561403508
0 0.906798245614035 0.7075109649122807 0.07748538011695906 0.020833333333333332
0 0.5091374269005847 0.8719846491228069 0.8698830409356725 0.2357456140350877
0 0.8848684210526315 0.19709429824561403 0.06871345029239766 0.021929824561403508
3 0.5047514619883041 0.20038377192982454 0.6535087719298245 0.03508771929824561
1 0.28252923976608185 0.36485745614035087 0.3201754385964912 0.12061403508771928
1 0.6779970760233918 0.2996162280701754 0.347953216374269 0.15460526315789472
1 0.6933479532163742 0.4553179824561403 0.4225146198830409 0.1370614035087719
3 0.5040204678362573 0.7025767543859649 0.3771929824561403 0.10526315789473684
