0 0.13048245614035087 0.057839912280701754 0.05263157894736842 0.02412280701754386
0 0.5105994152046783 0.056195175438596486 0.3713450292397661 0.020833333333333332
0 0.9075292397660818 0.05290570175438596 0.033625730994152045 0.01644736842105263
0 0.3073830409356725 0.15213815789473684 0.4005847953216374 0.14035087719298245
0 0.7335526315789473 0.15213815789473684 0.3961988304093567 0.1425438596491228
1 0.5266812865497076 0.30290570175438597 0.7807017543859649 0.14583333333333331
0 0.5317982456140351 0.4103618421052631 0.2324561403508772 0.03618421052631579
0 0.2182017543859649 0.45860745614035087 0.195906432748538 0.01864035087719298
0 0.3249269005847953 0.5309758771929824 0.39473684210526316 0.12171052631578946
1 0.32785087719298245 0.6631030701754386 0.3771929824561403 0.11403508771929824
0 0.3336988304093567 0.7420504385964912 0.19883040935672514 0.015350877192982455
0 0.3336988304093567 0.759594298245614 0.4005847953216374 0.019736842105263157
0 0.34173976608187134 0.8824013157894737 0.3961988304093567 0.20175438596491227
0 0.7510964912280701 0.528234649122807 0.402046783625731 0.17982456140350878
3 0.748172514619883 0.6378837719298245 0.2587719298245614 0.039473684210526314
0 0.7532894736842105 0.6872258771929824 0.38888888888888884 0.06140350877192982
0 0.6304824561403508 0.7272478070175438 0.14619883040935672 0.01864035087719298
0 0.7554824561403508 0.7738486842105263 0.3845029239766082 0.07675438596491227
0 0.7635233918128654 0.891173245614035 0.39766081871345027 0.15789473684210525
