0 0.46893274853801165 0.02987938596491228 0.27192982456140347 0.025219298245614034
0 0.8366228070175438 0.018914473684210526 0.024853801169590642 0.020833333333333332
0 0.14948830409356725 0.08854166666666666 0.17982456140350878 0.021929824561403508
0 0.2408625730994152 0.12911184210526316 0.28654970760233917 0.019736842105263157
0 0.48355263157894735 0.19599780701754385 0.8538011695906432 0.07017543859649122
3 0.4762426900584795 0.15158991228070173 0.3391812865497076 0.023026315789473683
0 0.8600146198830408 0.14117324561403508 0.07163742690058479 0.02412280701754386
3 0.4762426900584795 0.24588815789473684 0.38888888888888884 0.025219298245614034
0 0.8636695906432748 0.23985745614035087 0.07602339181286549 0.02412280701754386
0 0.4850146198830409 0.2820723684210526 0.8421052631578947 0.0537280701754386
1 0.48793859649122806 0.4109100877192982 0.41812865497076024 0.1995614035087719
0 0.4806286549707602 0.534265350877193 0.16374269005847952 0.01864035087719298
0 0.49159356725146197 0.5709978070175439 0.837719298245614 0.05263157894736842
0 0.17214912280701752 0.622532894736842 0.2134502923976608 0.021929824561403508
0 0.4411549707602339 0.6576206140350876 0.6637426900584795 0.02850877192982456
3 0.48428362573099415 0.6795504385964912 0.11842105263157894 0.021929824561403508
0 0.8775584795321637 0.6768092105263157 0.07163742690058479 0.020833333333333332
0 0.09685672514619882 0.7091557017543859 0.05116959064327485 0.019736842105263157
3 0.4894005847953216 0.728344298245614 0.10526315789473684 0.01644736842105263
0 0.24890350877192982 0.7678179824561403 0.35526315789473684 0.04714912280701754
3 0.4901315789473684 0.828673245614035 0.2675438596491228 0.07236842105263158
0 0.8819444444444444 0.8308662280701754 0.07748538011695906 0.06798245614035087
0 0.21893274853801167 0.8851425438596491 0.21637426900584794 0.01644736842105263
3 0.49159356725146197 0.9070723684210525 0.43128654970760233 0.020833333333333332
0 0.8819444444444444 0.9054276315789473 0.06871345029239766 0.021929824561403508
0 0.49744152046783624 0.9586074561403508 0.8435672514619883 0.0668859649122807
