0 0.4616228070175438 0.031524122807017545 0.2807017543859649 0.02412280701754386
0 0.8278508771929824 0.023300438596491228 0.024853801169590642 0.01864035087719298
0 0.4616228070175438 0.1537828947368421 0.5526315789473684 0.03179824561403509
0 0.46527777777777773 0.28152412280701755 0.41081871345029236 0.02631578947368421
0 0.21600877192982454 0.34292763157894735 0.3362573099415205 0.019736842105263157
0 0.46893274853801165 0.4114583333333333 0.8304093567251462 0.07785087719298245
0 0.33223684210526316 0.5786732456140351 0.554093567251462 0.041666666666666664
0 0.17653508771929824 0.6576206140350876 0.1783625730994152 0.021929824561403508
0 0.1779970760233918 0.7245065789473684 0.17543859649122806 0.021929824561403508
0 0.46966374269005845 0.8791118421052632 0.837719298245614 0.19736842105263158
3 0.464546783625731 0.5019188596491228 0.5760233918128654 0.08333333333333333
3 0.46600877192982454 0.6241776315789473 0.2134502923976608 0.04057017543859649
3 0.46893274853801165 0.6899671052631579 0.30116959064327486 0.042763157894736836
3 0.46527777777777773 0.7535635964912281 0.3026315789473684 0.042763157894736836
0 0.8578216374269005 0.5315241228070176 0.05555555555555555 0.02412280701754386
