0 0.5018274853801169 0.030975877192982455 0.20614035087719296 0.027412280701754384
0 0.1509502923976608 0.03481359649122807 0.03070175438596491 0.017543859649122806
0 0.5032894736842105 0.11430921052631578 0.8143274853801169 0.12171052631578946
0 0.8877923976608186 0.2113486842105263 0.06578947368421052 0.021929824561403508
0 0.10562865497076022 0.26398026315789475 0.054093567251461985 0.02631578947368421
0 0.8885233918128654 0.31880482456140347 0.06725146198830409 0.03070175438596491
0 0.18457602339181287 0.371984649122807 0.21198830409356723 0.027412280701754384
0 0.5003654970760234 0.4459978070175438 0.8523391812865496 0.07456140350877193
0 0.8870614035087718 0.3999451754385965 0.05555555555555555 0.02412280701754386
0 0.4930555555555555 0.6104714912280701 0.8728070175438596 0.1732456140350877
0 0.13779239766081872 0.7327302631578947 0.1564327485380117 0.025219298245614034
0 0.4806286549707602 0.8149671052631579 0.871345029239766 0.09100877192982455
0 0.4857456140350877 0.9279057017543859 0.8757309941520467 0.08881578947368421
3 0.49744152046783624 0.2168311403508772 0.20906432748538012 0.08114035087719298
3 0.5076754385964912 0.3237390350877193 0.2002923976608187 0.09320175438596491
3 0.48793859649122806 0.40158991228070173 0.20175438596491227 0.025219298245614034
3 0.48793859649122806 0.5079495614035088 0.6169590643274854 0.049342105263157895
3 0.47989766081871343 0.7113486842105263 0.22076023391812866 0.03289473684210526
3 0.4806286549707602 0.759594298245614 0.21052631578947367 0.02850877192982456
3 0.46235380116959063 0.8697916666666666 0.17982456140350878 0.044956140350877194
