1 0.5091374269005847 0.056743421052631575 0.2777777777777778 0.10526315789473684
1 0.1509502923976608 0.08196271929824561 0.14327485380116958 0.07456140350877193
0 0.8541666666666666 0.02494517543859649 0.20175438596491227 0.04824561403508772
0 0.5171783625730993 0.15981359649122806 0.8874269005847952 0.06578947368421052
0 0.4323830409356725 0.22176535087719296 0.72953216374269 0.0625
0 0.3336988304093567 0.2574013157894737 0.5526315789473684 0.03070175438596491
0 0.10709064327485379 0.4279057017543859 0.14035087719298245 0.30372807017543857
1 0.49378654970760233 0.41858552631578944 0.6271929824561403 0.29605263157894735
0 0.8958333333333333 0.5923793859649122 0.16228070175438597 0.7905701754385964
0 0.33442982456140347 0.6307565789473684 0.513157894736842 0.042763157894736836
0 0.3329678362573099 0.7058662280701754 0.6242690058479532 0.11842105263157894
0 0.3256578947368421 0.8050986842105262 0.5102339181286549 0.0625
0 0.1699561403508772 0.9043311403508771 0.3128654970760234 0.15350877192982454
0 0.7262426900584795 0.6806469298245613 0.1593567251461988 0.16885964912280702
0 0.7247807017543859 0.8193530701754386 0.16812865497076024 0.09320175438596491
