0 0.47331871345029236 0.031524122807017545 0.30116959064327486 0.019736842105263157
0 0.8410087719298245 0.024396929824561403 0.027777777777777776 0.023026315789473683
0 0.4784356725146199 0.1543311403508772 0.5950292397660818 0.03728070175438596
0 0.4784356725146199 0.28371710526315785 0.8318713450292398 0.07017543859649122
0 0.17507309941520466 0.3379934210526316 0.14035087719298245 0.020833333333333332
0 0.4820906432748538 0.3834978070175438 0.8245614035087718 0.06798245614035087
0 0.2708333333333333 0.4339364035087719 0.3289473684210526 0.017543859649122806
0 0.48355263157894735 0.5167214912280701 0.8216374269005847 0.13925438596491227
0 0.1779970760233918 0.6027960526315789 0.13742690058479531 0.019736842105263157
0 0.481359649122807 0.6746162280701754 0.8260233918128654 0.10855263157894736
0 0.4820906432748538 0.7634320175438596 0.2982456140350877 0.027412280701754384
0 0.4857456140350877 0.8303179824561403 0.8260233918128654 0.0668859649122807
0 0.2701023391812865 0.8889802631578947 0.4064327485380117 0.017543859649122806
0 0.48720760233918126 0.9487390350877193 0.8230994152046783 0.0712719298245614
