0 0.10635964912280702 0.04413377192982456 0.0804093567251462 0.020833333333333332
0 0.5025584795321637 0.04303728070175438 0.4049707602339181 0.023026315789473683
0 0.9024122807017544 0.04303728070175438 0.03508771929824561 0.020833333333333332
0 0.2934941520467836 0.24808114035087717 0.41666666666666663 0.03399122807017543
0 0.29641812865497075 0.4026864035087719 0.4371345029239766 0.23135964912280702
0 0.7437865497076023 0.2891995614035088 0.42836257309941517 0.44298245614035087
0 0.54203216374269 0.7223135964912281 0.13304093567251463 0.046052631578947366
0 0.5537280701754386 0.9454495614035087 0.14473684210526316 0.04057017543859649
1 0.5296052631578947 0.6192434210526315 0.7456140350877193 0.14473684210526316
1 0.5391081871345029 0.8456688596491228 0.7529239766081871 0.15679824561403508
1 0.285453216374269 0.14775219298245612 0.42105263157894735 0.12280701754385964
