0 0.10855263157894736 0.014528508771929825 0.03216374269005848 0.01864035087719298
0 0.548611111111111 0.00644188596491228 0.23391812865497075 0.01288377192982456
0 0.9375 0.015625 0.043859649122807015 0.027412280701754384
1 0.5288742690058479 0.10444078947368421 0.837719298245614 0.11293859649122806
1 0.5317982456140351 0.2574013157894737 0.8347953216374269 0.1074561403508772
1 0.5347222222222222 0.41858552631578944 0.8347953216374269 0.11403508771929824
1 0.535453216374269 0.5737390350877193 0.8333333333333333 0.09978070175438596
1 0.5339912280701754 0.7332785087719298 0.8333333333333333 0.09649122807017543
1 0.5398391812865497 0.8884320175438596 0.8333333333333333 0.10855263157894736
0 0.5332602339181286 0.17790570175438594 0.07748538011695906 0.023026315789473683
0 0.5325292397660818 0.33360745614035087 0.1286549707602339 0.01864035087719298
0 0.5332602339181286 0.4920504385964912 0.09502923976608187 0.019736842105263157
0 0.5347222222222222 0.6515899122807017 0.10964912280701754 0.020833333333333332
0 0.5347222222222222 0.8040021929824561 0.08333333333333333 0.020833333333333332
0 0.5391081871345029 0.9586074561403508 0.12426900584795321 0.023026315789473683
