0 0.47368421052631576 0.11417214912280702 0.7872807017543859 0.11979166666666666
3 0.47386695906432746 0.2210800438596491 0.7934941520467835 0.07757675438596491
0 0.47002923976608185 0.3027686403508772 0.8070175438596491 0.08580043859649122
3 0.6328581871345029 0.3489583333333333 0.4901315789473684 0.025219298245614034
0 0.4722222222222222 0.4061129385964912 0.8026315789473684 0.06606359649122806
0 0.475328947368421 0.48094846491228066 0.7993421052631579 0.08580043859649122
3 0.4577850877192982 0.5614035087719298 0.5997807017543859 0.06414473684210525
0 0.4822733918128655 0.6333607456140351 0.8315058479532164 0.07319078947368421
0 0.48428362573099415 0.7042214912280701 0.8421052631578947 0.06633771929824561
0 0.47989766081871343 0.8367598684210525 0.8362573099415205 0.18722587719298245
0 0.9442616959064327 0.8458059210526315 0.05007309941520467 0.02494517543859649
0 0.9466374269005847 0.9000822368421052 0.04239766081871345 0.058388157894736836
0 0.8644005847953216 0.9594298245614035 0.1154970760233918 0.02412280701754386
