0 0.471125730994152 0.04358552631578947 0.2880116959064327 0.02412280701754386
0 0.825657894736842 0.03481359649122807 0.023391812865497075 0.019736842105263157
0 0.18823099415204678 0.09402412280701754 0.26023391812865493 0.02412280701754386
0 0.47331871345029236 0.15871710526315788 0.8362573099415205 0.09868421052631579
1 0.4682017543859649 0.2683662280701754 0.25 0.1162280701754386
0 0.4682017543859649 0.33963815789473684 0.20906432748538012 0.019736842105263157
0 0.2357456140350877 0.36485745614035087 0.2850877192982456 0.019736842105263157
3 0.47331871345029236 0.41255482456140347 0.3157894736842105 0.07346491228070175
0 0.3358918128654971 0.47176535087719296 0.5614035087719298 0.03399122807017543
3 0.4718567251461988 0.5386513157894737 0.2309941520467836 0.08662280701754385
0 0.339546783625731 0.5962171052631579 0.5014619883040935 0.021929824561403508
1 0.47697368421052627 0.7837171052631579 0.6067251461988303 0.3464912280701754
0 0.4806286549707602 0.9810855263157894 0.3538011695906432 0.02412280701754386
