0 0.5369152046783625 0.06743421052631579 0.2317251461988304 0.02850877192982456
0 0.2764985380116959 0.1147203947368421 0.23135964912280702 0.020559210526315787
0 0.7865497076023391 0.1924342105263158 0.29239766081871343 0.12335526315789473
1 0.38925438596491224 0.27247807017543857 0.4722222222222222 0.26480263157894735
1 0.7858187134502923 0.3358004385964912 0.27558479532163743 0.1381578947368421
1 0.31451023391812866 0.5242598684210527 0.33516081871345027 0.22724780701754385
1 0.7256944444444444 0.5305646929824561 0.48720760233918126 0.23053728070175436
1 0.2841739766081871 0.7116228070175438 0.33516081871345027 0.20230263157894735
1 0.26443713450292394 0.9007675438596491 0.2803362573099415 0.1781798245614035
1 0.6838450292397661 0.7772752192982456 0.5804093567251462 0.2831688596491228
0 0.8908991228070174 0.9502467105263157 0.08369883040935672 0.01726973684210526
