0 0.47916666666666663 0.028234649122807015 0.27485380116959063 0.019736842105263157
0 0.839546783625731 0.02494517543859649 0.027777777777777776 0.017543859649122806
1 0.4784356725146199 0.1006030701754386 0.5804093567251462 0.09429824561403508
1 0.481359649122807 0.203125 0.5687134502923976 0.09100877192982455
1 0.4784356725146199 0.30838815789473684 0.577485380116959 0.10416666666666666
0 0.48720760233918126 0.38459429824561403 0.3026315789473684 0.017543859649122806
1 0.4784356725146199 0.46463815789473684 0.5599415204678362 0.09429824561403508
1 0.481359649122807 0.5605811403508771 0.5657894736842105 0.09100877192982455
1 0.4820906432748538 0.6647478070175438 0.5789473684210527 0.12609649122807018
0 0.48428362573099415 0.7552083333333333 0.4751461988304093 0.017543859649122806
0 0.48720760233918126 0.7946820175438596 0.8845029239766081 0.046052631578947366
3 0.4857456140350877 0.8462171052631579 0.5804093567251462 0.05263157894736842
0 0.48647660818713445 0.9235197368421052 0.894736842105263 0.09758771929824561
