0 0.5800438596491228 0.09292763157894736 0.7149122807017544 0.05701754385964912
0 0.1114766081871345 0.12527412280701752 0.10526315789473684 0.044956140350877194
0 0.10782163742690058 0.39610745614035087 0.13596491228070173 0.48793859649122806
0 0.10124269005847952 0.8193530701754386 0.14035087719298245 0.34100877192982454
0 0.7474415204678362 0.21080043859649122 0.4619883040935672 0.1787280701754386
0 0.339546783625731 0.5792214912280701 0.3070175438596491 0.42872807017543857
0 0.6560672514619883 0.7091557017543859 0.3026315789473684 0.19517543859649122
0 0.8921783625730993 0.803453947368421 0.14035087719298245 0.36184210526315785
0 0.49159356725146197 0.8270285087719298 0.6023391812865497 0.03399122807017543
0 0.4930555555555555 0.9196820175438596 0.6198830409356725 0.14035087719298245
0 0.5829678362573099 0.33908991228070173 0.7149122807017544 0.042763157894736836
1 0.5639619883040935 0.026041666666666664 0.7792397660818713 0.046052631578947366
1 0.34466374269005845 0.19599780701754385 0.2880116959064327 0.15350877192982454
1 0.7357456140350876 0.4876644736842105 0.4678362573099415 0.23684210526315788
0 0.5800438596491228 0.0644188596491228 0.3698830409356725 0.03508771929824561
