0 0.4586988304093567 0.016173245614035086 0.08625730994152046 0.02850877192982456
0 0.31761695906432746 0.04303728070175438 0.36549707602339176 0.01644736842105263
0 0.31396198830409355 0.06332236842105263 0.42543859649122806 0.021929824561403508
0 0.3220029239766082 0.1367872807017544 0.5760233918128654 0.11842105263157894
0 0.6904239766081871 0.11101973684210525 0.14912280701754385 0.16776315789473684
0 0.8417397660818713 0.04413377192982456 0.1067251461988304 0.023026315789473683
0 0.8585526315789473 0.21244517543859648 0.14035087719298245 0.3070175438596491
0 0.39071637426900585 0.22669956140350875 0.347953216374269 0.021929824561403508
0 0.3965643274853801 0.2584978070175438 0.7280701754385964 0.039473684210526314
0 0.1692251461988304 0.49808114035087714 0.2909356725146199 0.4221491228070175
0 0.5413011695906432 0.3352521929824561 0.4619883040935672 0.09868421052631579
0 0.8614766081871345 0.3895285087719298 0.1286549707602339 0.029605263157894735
0 0.873172514619883 0.47560307017543857 0.14912280701754385 0.1425438596491228
0 0.8702485380116959 0.5677083333333333 0.1023391812865497 0.03070175438596491
0 0.8826754385964912 0.7897478070175438 0.1564327485380117 0.3695175438596491
0 0.39729532163742687 0.6806469298245613 0.10380116959064327 0.03508771929824561
0 0.6326754385964912 0.6768092105263157 0.3084795321637427 0.044956140350877194
0 0.31688596491228066 0.7305372807017544 0.4809941520467836 0.01864035087719298
0 0.32273391812865493 0.7639802631578947 0.6008771929824561 0.03508771929824561
0 0.3249269005847953 0.891173245614035 0.6228070175438596 0.21710526315789472
0 0.721125730994152 0.8473135964912281 0.15789473684210525 0.2807017543859649
1 0.5515350877192983 0.5211074561403508 0.4707602339181286 0.26425438596491224
