1 0.5098684210526315 0.06880482456140351 0.2733918128654971 0.10307017543859648
1 0.15021929824561403 0.10718201754385964 0.1593567251461988 0.07236842105263158
0 0.846125730994152 0.0424890350877193 0.1769005847953216 0.019736842105263157
0 0.5091374269005847 0.18667763157894735 0.871345029239766 0.0581140350877193
0 0.4199561403508772 0.2557565789473684 0.6871345029239766 0.04714912280701754
0 0.2898391812865497 0.29523026315789475 0.435672514619883 0.03179824561403509
0 0.4331140350877193 0.3489583333333333 0.7514619883040935 0.08223684210526315
0 0.18969298245614033 0.4388706140350877 0.2704678362573099 0.027412280701754384
0 0.19407894736842105 0.5485197368421052 0.2763157894736842 0.18311403508771928
0 0.34100877192982454 0.6943530701754386 0.5730994152046783 0.042763157894736836
0 0.21016081871345027 0.6620065789473684 0.3055555555555555 0.02631578947368421
0 0.3512426900584795 0.7705592105263157 0.6052631578947368 0.10526315789473684
0 0.7350146198830408 0.734375 0.1564327485380117 0.17543859649122806
0 0.3475877192982456 0.865953947368421 0.5950292397660818 0.043859649122807015
0 0.3432017543859649 0.9366776315789473 0.6096491228070176 0.10416666666666666
0 0.7335526315789473 0.9054276315789473 0.15058479532163743 0.1557017543859649
0 0.893640350877193 0.2787828947368421 0.12573099415204678 0.03399122807017543
0 0.8965643274853801 0.4114583333333333 0.15497076023391812 0.2225877192982456
0 0.8914473684210525 0.584703947368421 0.1154970760233918 0.042763157894736836
0 0.900219298245614 0.7765899122807017 0.141812865497076 0.3059210526315789
0 0.8921783625730993 0.9591557017543859 0.11695906432748537 0.041666666666666664
1 0.5771198830409356 0.5161732456140351 0.4634502923976608 0.24342105263157893
