0 0.1370614035087719 0.01781798245614035 0.02046783625730994 0.01864035087719298
0 0.5171783625730993 0.012335526315789474 0.21929824561403508 0.01644736842105263
0 0.20211988304093567 0.055098684210526314 0.2324561403508772 0.01864035087719298
0 0.9046052631578947 0.09292763157894736 0.05555555555555555 0.02412280701754386
0 0.5054824561403508 0.14775219298245612 0.8508771929824561 0.07456140350877193
0 0.37171052631578944 0.4295504385964912 0.5950292397660818 0.1995614035087719
0 0.5032894736842105 0.6291118421052632 0.8728070175438596 0.19517543859649122
0 0.3424707602339181 0.8560855263157894 0.5394736842105263 0.16666666666666666
3 0.5098684210526315 0.08634868421052631 0.2777777777777778 0.041666666666666664
3 0.5127923976608186 0.20476973684210525 0.26023391812865493 0.03508771929824561
3 0.5062134502923976 0.7453399122807017 0.3640350877192982 0.041666666666666664
3 0.3388157894736842 0.9640899122807017 0.3187134502923976 0.04057017543859649
0 0.5778508771929824 0.9668311403508771 0.07163742690058479 0.021929824561403508
0 0.7781432748538011 0.984375 0.12134502923976608 0.019736842105263157
0 0.9053362573099415 0.7480811403508771 0.06286549707602339 0.020833333333333332
0 0.5113304093567251 0.3138706140350877 0.29532163742690054 0.023026315789473683
1 0.5171783625730993 0.2606907894736842 0.5584795321637427 0.06578947368421052
1 0.8008040935672515 0.4454495614035087 0.195906432748538 0.17653508771929824
1 0.7803362573099415 0.8730811403508771 0.2894736842105263 0.18311403508771928
