0 0.4638157894736842 0.02933114035087719 0.2675438596491228 0.019736842105263157
0 0.8366228070175438 0.016721491228070175 0.027777777777777776 0.01644736842105263
0 0.44188596491228066 0.06387061403508772 0.7119883040935672 0.03179824561403509
1 0.46235380116959063 0.1225328947368421 0.2733918128654971 0.07675438596491227
1 0.4630847953216374 0.21902412280701752 0.28654970760233917 0.07894736842105263
1 0.4674707602339181 0.3199013157894737 0.2894736842105263 0.08771929824561403
1 0.4725877192982456 0.4174890350877193 0.3026315789473684 0.08991228070175439
0 0.47404970760233917 0.4838267543859649 0.19736842105263158 0.020833333333333332
0 0.4989035087719298 0.5441337719298245 0.8230994152046783 0.09758771929824561
0 0.4784356725146199 0.6291118421052632 0.31432748538011696 0.02850877192982456
0 0.17068713450292397 0.6998355263157894 0.23684210526315788 0.023026315789473683
0 0.26059941520467833 0.7398574561403508 0.33771929824561403 0.019736842105263157
3 0.48428362573099415 0.7743969298245613 0.20321637426900585 0.04057017543859649
0 0.8863304093567251 0.7716557017543859 0.054093567251461985 0.02412280701754386
0 0.44334795321637427 0.8149671052631579 0.7002923976608186 0.023026315789473683
1 0.48355263157894735 0.8813048245614035 0.29532163742690054 0.10526315789473684
0 0.48282163742690054 0.9558662280701754 0.2002923976608187 0.02412280701754386
0 0.5127923976608186 0.9805372807017543 0.8362573099415205 0.025219298245614034
