0 0.1114766081871345 0.023848684210526314 0.05555555555555555 0.017543859649122806
0 0.4996345029239766 0.022203947368421052 0.3786549707602339 0.023026315789473683
0 0.9104532163742689 0.018366228070175437 0.04239766081871345 0.017543859649122806
0 0.2898391812865497 0.1855811403508772 0.41812865497076024 0.2708333333333333
0 0.29641812865497075 0.35005482456140347 0.41666666666666663 0.03618421052631579
2 0.2949561403508772 0.4290021929824561 0.39327485380116955 0.08881578947368421
0 0.22916666666666666 0.4964364035087719 0.2909356725146199 0.019736842105263157
0 0.2949561403508772 0.560032894736842 0.4225146198830409 0.10307017543859648
0 0.29934210526315785 0.653782894736842 0.4195906432748538 0.042763157894736836
2 0.29568713450292394 0.7212171052631579 0.4152046783625731 0.10087719298245613
0 0.30957602339181284 0.865953947368421 0.43128654970760233 0.14912280701754385
0 0.20577485380116958 0.9580592105263157 0.22953216374269003 0.019736842105263157
0 0.32785087719298245 0.9777960526315789 0.39473684210526316 0.02412280701754386
0 0.7298976608187134 0.09457236842105263 0.4122807017543859 0.10197368421052631
0 0.7394005847953216 0.30126096491228066 0.4195906432748538 0.3070175438596491
1 0.7503654970760234 0.5479714912280701 0.3538011695906432 0.17105263157894735
0 0.7532894736842105 0.6746162280701754 0.3684210526315789 0.06030701754385964
0 0.7605994152046783 0.7815241228070176 0.4298245614035088 0.1293859649122807
0 0.7642543859649122 0.9163925438596491 0.42543859649122806 0.1293859649122807
