0 0.5113304093567251 0.030427631578947366 0.195906432748538 0.02412280701754386
0 0.15899122807017543 0.028782894736842105 0.04093567251461988 0.01864035087719298
3 0.5062134502923976 0.10444078947368421 0.533625730994152 0.10197368421052631
0 0.8870614035087718 0.13952850877192982 0.06725146198830409 0.03179824561403509
0 0.5076754385964912 0.22450657894736842 0.8289473684210525 0.1381578947368421
0 0.5032894736842105 0.30838815789473684 0.2529239766081871 0.029605263157894735
0 0.8870614035087718 0.3045504385964912 0.07017543859649122 0.02412280701754386
0 0.5105994152046783 0.3549890350877193 0.8406432748538011 0.07675438596491227
3 0.5047514619883041 0.4174890350877193 0.2324561403508772 0.039473684210526314
0 0.889985380116959 0.4114583333333333 0.07309941520467836 0.025219298245614034
0 0.5076754385964912 0.46134868421052627 0.8494152046783625 0.05482456140350877
3 0.5032894736842105 0.4975328947368421 0.20906432748538012 0.02631578947368421
0 0.8914473684210525 0.4964364035087719 0.07017543859649122 0.02412280701754386
0 0.508406432748538 0.5605811403508771 0.8538011695906432 0.09978070175438596
1 0.5069444444444444 0.6570723684210525 0.29532163742690054 0.09539473684210525
0 0.5054824561403508 0.7179276315789473 0.20760233918128654 0.021929824561403508
0 0.26206140350877194 0.7387609649122807 0.2909356725146199 0.02631578947368421
3 0.5062134502923976 0.7760416666666666 0.2353801169590643 0.041666666666666664
0 0.20138888888888887 0.8078399122807017 0.2573099415204678 0.03070175438596491
3 0.5127923976608186 0.8423793859649122 0.33040935672514615 0.04714912280701754
3 0.5018274853801169 0.9152960526315789 0.4576023391812865 0.05263157894736842
0 0.42141812865497075 0.8791118421052632 0.6242690058479532 0.03289473684210526
0 0.16264619883040934 0.947094298245614 0.17982456140350878 0.03508771929824561
