0 0.47697368421052627 0.03700657894736842 0.19444444444444442 0.02631578947368421
0 0.8315058479532164 0.03700657894736842 0.05263157894736842 0.019736842105263157
0 0.31834795321637427 0.07538377192982455 0.4415204678362573 0.03070175438596491
3 0.4784356725146199 0.11101973684210525 0.6769005847953216 0.042763157894736836
0 0.3205409356725146 0.14720394736842105 0.5043859649122807 0.03179824561403509
3 0.47916666666666663 0.17845394736842105 0.3391812865497076 0.03289473684210526
0 0.32346491228070173 0.2256030701754386 0.445906432748538 0.05043859649122807
3 0.4784356725146199 0.26288377192982454 0.3786549707602339 0.03070175438596491
0 0.11732456140350876 0.2859100877192982 0.11842105263157894 0.02412280701754386
0 0.48282163742690054 0.4213267543859649 0.8347953216374269 0.0712719298245614
0 0.20285087719298245 0.5452302631578947 0.283625730994152 0.027412280701754384
0 0.29934210526315785 0.5962171052631579 0.40350877192982454 0.021929824561403508
0 0.3051900584795321 0.6647478070175438 0.5058479532163742 0.025219298245614034
0 0.1787280701754386 0.7365679824561403 0.24415204678362573 0.02850877192982456
0 0.16264619883040934 0.8050986842105262 0.20906432748538012 0.029605263157894735
0 0.34173976608187134 0.909265350877193 0.48245614035087714 0.03399122807017543
0 0.18969298245614033 0.947094298245614 0.19005847953216373 0.02412280701754386
3 0.4762426900584795 0.34237938596491224 0.6169590643274854 0.09100877192982455
0 0.8636695906432748 0.3621162280701754 0.08187134502923976 0.027412280701754384
3 0.4725877192982456 0.49808114035087714 0.7149122807017544 0.0712719298245614
3 0.4777046783625731 0.5682565789473684 0.24853801169590642 0.027412280701754384
3 0.47916666666666663 0.6313048245614035 0.2894736842105263 0.03728070175438596
3 0.4777046783625731 0.6987390350877193 0.42105263157894735 0.042763157894736836
3 0.481359649122807 0.765625 0.25584795321637427 0.04714912280701754
3 0.4850146198830409 0.8390899122807017 0.7748538011695906 0.044956140350877194
3 0.48282163742690054 0.9734100877192982 0.3669590643274854 0.039473684210526314
0 0.8658625730994152 0.5079495614035088 0.07163742690058479 0.01864035087719298
0 0.8644005847953216 0.6954495614035088 0.07163742690058479 0.023026315789473683
0 0.866593567251462 0.7606907894736842 0.06432748538011696 0.021929824561403508
0 0.8739035087719298 0.8714364035087718 0.06725146198830409 0.021929824561403508
