0 0.1370614035087719 0.04084429824561403 0.033625730994152045 0.020833333333333332
0 0.5566520467836257 0.02987938596491228 0.22368421052631576 0.025219298245614034
0 0.9258040935672515 0.03207236842105263 0.05263157894736842 0.027412280701754384
0 0.32346491228070173 0.1225328947368421 0.4152046783625731 0.12719298245614036
0 0.3220029239766082 0.2617872807017544 0.4152046783625731 0.14035087719298245
0 0.32711988304093564 0.4882127192982456 0.41081871345029236 0.30372807017543857
0 0.33077485380116955 0.6811951754385964 0.4122807017543859 0.08442982456140351
0 0.3329678362573099 0.8544407894736842 0.4049707602339181 0.2598684210526316
0 0.7510964912280701 0.11705043859649122 0.3961988304093567 0.12719298245614036
0 0.7591374269005847 0.29413377192982454 0.39473684210526316 0.2269736842105263
0 0.7664473684210525 0.6998355263157894 0.40350877192982454 0.5734649122807017
