0 0.4959795321637427 0.019462719298245612 0.14327485380116958 0.03508771929824561
0 0.37609649122807015 0.061129385964912276 0.6023391812865497 0.05921052631578947
0 0.3841374269005848 0.20915570175438594 0.6739766081871345 0.22807017543859648
0 0.8439327485380117 0.18119517543859648 0.23684210526315788 0.2905701754385965
0 0.3636695906432748 0.359375 0.5219298245614035 0.06140350877192982
0 0.3841374269005848 0.4865679824561403 0.6798245614035088 0.19517543859649122
0 0.8432017543859649 0.4608004385964912 0.23830409356725146 0.26425438596491224
0 0.2540204678362573 0.6154057017543859 0.2704678362573099 0.04057017543859649
0 0.2532894736842105 0.8116776315789473 0.4707602339181286 0.356359649122807
0 0.6070906432748537 0.7913925438596491 0.24269005847953215 0.3991228070175438
0 0.8432017543859649 0.6208881578947368 0.20906432748538012 0.05153508771929824
0 0.8497807017543859 0.6691337719298245 0.1783625730994152 0.025219298245614034
0 0.8410087719298245 0.8374451754385964 0.22807017543859648 0.3070175438596491
