1 0.4959795321637427 0.058936403508771926 0.27192982456140347 0.10526315789473684
1 0.14144736842105263 0.09895833333333333 0.14473684210526316 0.0668859649122807
0 0.5018274853801169 0.15871710526315788 0.8654970760233918 0.05701754385964912
0 0.8417397660818713 0.031524122807017545 0.17982456140350878 0.021929824561403508
0 0.4024122807017544 0.24150219298245612 0.6871345029239766 0.07346491228070175
0 0.4228801169590643 0.309484649122807 0.7514619883040935 0.04714912280701754
0 0.18384502923976606 0.38459429824561403 0.27923976608187134 0.02631578947368421
0 0.18457602339181287 0.49917763157894735 0.2894736842105263 0.18969298245614033
0 0.5727339181286549 0.5770285087719298 0.45175438596491224 0.025219298245614034
1 0.5712719298245613 0.4525767543859649 0.4605263157894737 0.21271929824561403
0 0.8885233918128654 0.23327850877192982 0.13304093567251463 0.046052631578947366
0 0.8972953216374269 0.534265350877193 0.16228070175438597 0.5427631578947368
0 0.09758771929824561 0.6532346491228069 0.10964912280701754 0.041666666666666664
0 0.10197368421052631 0.8407346491228069 0.13011695906432746 0.30043859649122806
0 0.4184941520467836 0.6504934210526315 0.4064327485380117 0.038377192982456135
0 0.3673245614035088 0.6241776315789473 0.30116959064327486 0.025219298245614034
0 0.4126461988304093 0.7497258771929824 0.4766081871345029 0.14912280701754385
0 0.7350146198830408 0.7118969298245613 0.1564327485380117 0.2182017543859649
0 0.4126461988304093 0.8741776315789473 0.42397660818713445 0.0625
0 0.41118421052631576 0.9454495614035087 0.47368421052631576 0.07785087719298245
0 0.7342836257309941 0.903782894736842 0.15497076023391812 0.13925438596491227
0 0.9031432748538011 0.8292214912280701 0.1154970760233918 0.03618421052631579
0 0.9009502923976608 0.8862390350877193 0.14619883040935672 0.0800438596491228
0 0.8929093567251462 0.9498355263157894 0.12426900584795321 0.04057017543859649
