0 0.5155336257309941 0.08511513157894736 0.6882309941520467 0.03865131578947368
0 0.5157163742690059 0.2050438596491228 0.6915204678362573 0.2012061403508772
0 0.5193713450292398 0.32661732456140347 0.7141812865497076 0.046875
0 0.5102339181286549 0.3808936403508772 0.7112573099415205 0.03207236842105263
0 0.5140716374269005 0.5060307017543859 0.7218567251461988 0.1836622807017544
0 0.36641081871345027 0.634594298245614 0.5910087719298245 0.027412280701754384
0 0.5071271929824561 0.7293037280701754 0.741593567251462 0.14830043859649122
0 0.2538377192982456 0.8326480263157894 0.24671052631578946 0.030975877192982455
0 0.33059210526315785 0.864720394736842 0.3885233918128655 0.023848684210526314
3 0.6557017543859649 0.36156798245614036 0.4232456140350877 0.023026315789473683
3 0.6352339181286549 0.4077576754385965 0.45540935672514615 0.026041666666666664
3 0.6138523391812866 0.8950109649122806 0.5376461988304093 0.025219298245614034
