0 0.4945175438596491 0.03700657894736842 0.293859649122807 0.02850877192982456
0 0.8614766081871345 0.035910087719298246 0.05116959064327485 0.021929824561403508
0 0.3782894736842105 0.08141447368421052 0.6081871345029239 0.038377192982456135
0 0.11878654970760233 0.16858552631578946 0.08625730994152046 0.02412280701754386
3 0.4952485380116959 0.1351425438596491 0.45906432748538006 0.0537280701754386
3 0.49671052631578944 0.22669956140350875 0.4678362573099415 0.08552631578947367
0 0.8951023391812865 0.22395833333333331 0.06871345029239766 0.025219298245614034
0 0.34173976608187134 0.29413377192982454 0.4619883040935672 0.04714912280701754
0 0.3300438596491228 0.36759868421052627 0.5146198830409356 0.044956140350877194
0 0.2708333333333333 0.43229166666666663 0.3961988304093567 0.023026315789473683
0 0.09904970760233918 0.49533991228070173 0.049707602339181284 0.021929824561403508
0 0.13779239766081872 0.5638706140350876 0.13011695906432746 0.025219298245614034
0 0.09393274853801169 0.6334978070175439 0.04824561403508772 0.02412280701754386
0 0.204312865497076 0.6800986842105263 0.2631578947368421 0.025219298245614034
0 0.5018274853801169 0.7431469298245613 0.861111111111111 0.05043859649122807
0 0.37171052631578944 0.9196820175438596 0.5423976608187134 0.019736842105263157
0 0.34466374269005845 0.9838267543859649 0.5701754385964912 0.025219298245614034
3 0.4923245614035087 0.32976973684210525 0.3391812865497076 0.02412280701754386
3 0.4945175438596491 0.4037828947368421 0.5950292397660818 0.027412280701754384
3 0.5003654970760234 0.4629934210526315 0.1388888888888889 0.03399122807017543
3 0.4959795321637427 0.5271381578947368 0.48684210526315785 0.03289473684210526
3 0.49671052631578944 0.5989583333333333 0.5146198830409356 0.042763157894736836
3 0.49744152046783624 0.6543311403508771 0.32309941520467833 0.02850877192982456
3 0.4959795321637427 0.7025767543859649 0.39035087719298245 0.02631578947368421
3 0.4996345029239766 0.953125 0.4707602339181286 0.038377192982456135
1 0.5018274853801169 0.8259320175438596 0.40789473684210525 0.11293859649122806
