0 0.5091374269005847 0.04413377192982456 0.28216374269005845 0.020833333333333332
0 0.852704678362573 0.04029605263157895 0.039473684210526314 0.017543859649122806
0 0.5040204678362573 0.08415570175438596 0.2807017543859649 0.02412280701754386
0 0.4396929824561403 0.24533991228070173 0.5847953216374269 0.021929824561403508
0 0.5230263157894737 0.3045504385964912 0.763157894736842 0.05263157894736842
0 0.19700292397660818 0.3692434210526316 0.1783625730994152 0.02412280701754386
0 0.5259502923976608 0.46408991228070173 0.8216374269005847 0.12390350877192982
0 0.3212719298245614 0.5463267543859649 0.3421052631578947 0.023026315789473683
0 0.7240497076023391 0.5413925438596491 0.33771929824561403 0.02412280701754386
0 0.5296052631578947 0.7574013157894737 0.8230994152046783 0.125
0 0.5427631578947368 0.8950109649122806 0.8347953216374269 0.0712719298245614
0 0.3951023391812865 0.9695723684210525 0.45175438596491224 0.023026315789473683
3 0.5091374269005847 0.2689144736842105 0.1593567251461988 0.020833333333333332
3 0.5142543859649122 0.34347587719298245 0.1871345029239766 0.020833333333333332
3 0.514985380116959 0.39117324561403505 0.12134502923976608 0.015350877192982455
3 0.5274122807017544 0.8352521929824561 0.4619883040935672 0.03289473684210526
3 0.5339912280701754 0.9399671052631579 0.32309941520467833 0.020833333333333332
2 0.5091374269005847 0.16419956140350878 0.39327485380116955 0.13157894736842105
2 0.31834795321637427 0.6170504385964912 0.3742690058479532 0.1162280701754386
2 0.727704678362573 0.6214364035087719 0.3830409356725146 0.14035087719298245
