0 0.5003654970760234 0.023300438596491228 0.14619883040935672 0.027412280701754384
0 0.43457602339181284 0.0649671052631579 0.6461988304093567 0.04714912280701754
0 0.42799707602339176 0.09402412280701754 0.513157894736842 0.021929824561403508
0 0.2766812865497076 0.30783991228070173 0.4444444444444444 0.381578947368421
0 0.6597222222222222 0.1855811403508772 0.30409356725146197 0.14802631578947367
0 0.7635233918128654 0.4136513157894737 0.08187134502923976 0.1787280701754386
0 0.8980263157894737 0.2749451754385965 0.14912280701754385 0.46271929824561403
1 0.6144005847953216 0.3807565789473684 0.2134502923976608 0.22916666666666666
0 0.5032894736842105 0.5370065789473684 0.8830409356725146 0.039473684210526314
0 0.5054824561403508 0.7672697368421052 0.9166666666666666 0.41666666666666663
