0 0.5087719298245614 0.10622258771929824 0.6593567251461988 0.026041666666666664
0 0.3983918128654971 0.13020833333333331 0.435672514619883 0.02412280701754386
3 0.6032529239766081 0.15597587719298245 0.4886695906432748 0.023026315789473683
0 0.3221856725146199 0.1747532894736842 0.2891081871345029 0.023848684210526314
3 0.5484283625730993 0.19709429824561403 0.6078216374269005 0.025219298245614034
0 0.2010233918128655 0.21929824561403508 0.0533625730994152 0.014802631578947368
3 0.5972222222222222 0.24150219298245612 0.513157894736842 0.027412280701754384
0 0.5142543859649122 0.27124451754385964 0.6761695906432749 0.03426535087719298
0 0.2880116959064327 0.3242872807017544 0.3611111111111111 0.02631578947368421
0 0.527046783625731 0.6299342105263157 0.7236842105263157 0.5712719298245613
