1 0.2503654970760234 0.06332236842105263 0.3684210526315789 0.11403508771929824
0 0.24524853801169588 0.1351425438596491 0.2763157894736842 0.03179824561403509
0 0.7160087719298245 0.01507675438596491 0.4546783625730994 0.02850877192982456
0 0.7138157894736842 0.03974780701754386 0.3362573099415205 0.020833333333333332
0 0.7160087719298245 0.09841008771929824 0.4780701754385965 0.08991228070175439
0 0.3198099415204678 0.1839364035087719 0.48684210526315785 0.02412280701754386
0 0.3263888888888889 0.23711622807017543 0.587719298245614 0.0756578947368421
0 0.3263888888888889 0.3379934210526316 0.6169590643274854 0.11293859649122806
0 0.09100877192982455 0.42735745614035087 0.14035087719298245 0.05482456140350877
0 0.08369883040935672 0.4777960526315789 0.1286549707602339 0.02631578947368421
0 0.09173976608187134 0.5238486842105263 0.13596491228070173 0.05921052631578947
0 0.09100877192982455 0.7020285087719298 0.14327485380116958 0.28618421052631576
1 0.09027777777777778 0.8813048245614035 0.1388888888888889 0.06140350877192982
1 0.1282894736842105 0.947094298245614 0.21198830409356723 0.05701754385964912
1 0.3994883040935672 0.5189144736842105 0.4619883040935672 0.2357456140350877
0 0.31834795321637427 0.6735197368421052 0.2850877192982456 0.0581140350877193
0 0.32273391812865493 0.7223135964912281 0.3026315789473684 0.03289473684210526
0 0.5551900584795322 0.6894188596491228 0.1593567251461988 0.08991228070175439
0 0.7971491228070176 0.17023026315789472 0.0935672514619883 0.01425438596491228
0 0.7993421052631579 0.22724780701754385 0.29678362573099415 0.08881578947368421
0 0.7130847953216374 0.29084429824561403 0.14473684210526316 0.01644736842105263
0 0.7971491228070176 0.31935307017543857 0.2982456140350877 0.03618421052631579
0 0.798611111111111 0.40542763157894735 0.3187134502923976 0.12719298245614036
0 0.7949561403508771 0.490953947368421 0.29678362573099415 0.03289473684210526
0 0.7978801169590642 0.5145285087719298 0.22953216374269003 0.01644736842105263
0 0.7956871345029239 0.5644188596491228 0.3128654970760234 0.07456140350877193
0 0.7971491228070176 0.6373355263157895 0.30116959064327486 0.049342105263157895
0 0.7971491228070176 0.7036732456140351 0.30994152046783624 0.07236842105263158
0 0.48282163742690054 0.7738486842105263 0.6081871345029239 0.05263157894736842
1 0.24013157894736842 0.8226425438596491 0.12280701754385964 0.038377192982456135
0 0.39729532163742687 0.8873355263157894 0.1564327485380117 0.17214912280701752
0 0.6370614035087719 0.828673245614035 0.3114035087719298 0.06140350877192982
0 0.6355994152046783 0.8834978070175438 0.2909356725146199 0.02850877192982456
0 0.6352339181286549 0.9336622807017544 0.29970760233918126 0.07949561403508772
0 0.8722587719298245 0.9199561403508771 0.15387426900584794 0.10307017543859648
0 0.47953216374269003 0.9850603070175438 0.8179824561403508 0.016721491228070175
