0 0.12390350877192982 0.057291666666666664 0.06286549707602339 0.01864035087719298
0 0.5047514619883041 0.054550438596491224 0.38596491228070173 0.02631578947368421
0 0.8914473684210525 0.04906798245614035 0.033625730994152045 0.017543859649122806
0 0.17653508771929824 0.0912828947368421 0.15350877192982454 0.01864035087719298
0 0.2986111111111111 0.1444627192982456 0.33040935672514615 0.019736842105263157
0 0.30957602339181284 0.19270833333333331 0.3523391812865497 0.019736842105263157
0 0.17580409356725146 0.2513706140350877 0.14327485380116958 0.020833333333333332
0 0.3059210526315789 0.31935307017543857 0.4005847953216374 0.11732456140350876
0 0.3110380116959064 0.44380482456140347 0.16228070175438597 0.019736842105263157
0 0.3088450292397661 0.4602521929824561 0.2982456140350877 0.013157894736842105
0 0.17653508771929824 0.49259868421052627 0.13011695906432746 0.01864035087719298
0 0.3154239766081871 0.6707785087719298 0.402046783625731 0.3399122807017544
0 0.22039473684210525 0.8527960526315789 0.20614035087719296 0.015350877192982455
0 0.32711988304093564 0.8818530701754386 0.41666666666666663 0.042763157894736836
0 0.7218567251461988 0.14720394736842105 0.39035087719298245 0.14144736842105263
0 0.6260964912280701 0.26343201754385964 0.195906432748538 0.01864035087719298
0 0.6458333333333333 0.3061951754385965 0.23830409356725146 0.020833333333333332
0 0.5932017543859649 0.35060307017543857 0.12134502923976608 0.017543859649122806
0 0.7357456140350876 0.4701206140350877 0.4005847953216374 0.22149122807017543
0 0.6239035087719298 0.5896381578947368 0.16228070175438597 0.013157894736842105
0 0.7437865497076023 0.6916118421052632 0.3961988304093567 0.18640350877192982
0 0.7474415204678362 0.7990679824561403 0.22514619883040934 0.013157894736842105
0 0.7489035087719298 0.8182565789473684 0.3538011695906432 0.01425438596491228
0 0.7715643274853801 0.9624451754385964 0.3669590643274854 0.013157894736842105
3 0.2934941520467836 0.11485745614035087 0.22076023391812866 0.02850877192982456
3 0.2986111111111111 0.17242324561403508 0.17543859649122806 0.025219298245614034
3 0.29934210526315785 0.2201206140350877 0.20906432748538012 0.03289473684210526
3 0.3220029239766082 0.9125548245614035 0.13450292397660818 0.020833333333333332
0 0.5054824561403508 0.9059758771929824 0.04532163742690058 0.01864035087719298
0 0.32346491228070173 0.9558662280701754 0.40350877192982454 0.06578947368421052
3 0.7291666666666666 0.2338267543859649 0.16228070175438597 0.04057017543859649
1 0.3044590643274854 0.4081688596491228 0.38596491228070173 0.042763157894736836
2 0.7510964912280701 0.8928179824561403 0.33771929824561403 0.09978070175438596
