1 0.3512426900584795 0.019462719298245612 0.4122807017543859 0.03070175438596491
0 0.2635233918128655 0.060032894736842105 0.12573099415204678 0.021929824561403508
0 0.508406432748538 0.08854166666666666 0.6154970760233918 0.039473684210526314
0 0.09539473684210525 0.08525219298245613 0.10526315789473684 0.05043859649122807
0 0.09466374269005848 0.23108552631578946 0.10380116959064327 0.23464912280701752
0 0.08388157894736842 0.6949013157894737 0.10270467836257309 0.6096491228070176
0 0.5493421052631579 0.17406798245614033 0.7704678362573099 0.12719298245614036
0 0.5237573099415205 0.28152412280701755 0.6578947368421052 0.039473684210526314
0 0.3073830409356725 0.5545504385964912 0.3070175438596491 0.07236842105263158
1 0.3073830409356725 0.3834978070175438 0.30409356725146197 0.1513157894736842
0 0.7057748538011696 0.44983552631578944 0.4751461988304093 0.2839912280701754
0 0.2737573099415205 0.6181469298245613 0.21929824561403508 0.02412280701754386
0 0.29568713450292394 0.6433662280701754 0.2573099415204678 0.02850877192982456
0 0.3015350877192982 0.7376644736842105 0.3070175438596491 0.1557017543859649
1 0.6195175438596491 0.6839364035087719 0.3084795321637427 0.16885964912280702
0 0.23355263157894735 0.8407346491228069 0.15058479532163743 0.02412280701754386
0 0.3614766081871345 0.8697916666666666 0.39473684210526316 0.038377192982456135
0 0.3775584795321637 0.941611842105263 0.4707602339181286 0.11403508771929824
0 0.6977339181286549 0.9076206140350876 0.1608187134502924 0.16885964912280702
0 0.8673245614035088 0.7996162280701754 0.15204678362573099 0.39364035087719296
