0 0.4550438596491228 0.023848684210526314 0.28216374269005845 0.02412280701754386
0 0.819078947368421 0.020559210526315787 0.03654970760233918 0.015350877192982455
0 0.4016812865497076 0.08744517543859649 0.7076023391812865 0.06359649122807018
0 0.23720760233918128 0.309484649122807 0.3114035087719298 0.020833333333333332
0 0.4586988304093567 0.4734100877192982 0.8421052631578947 0.046052631578947366
0 0.059576023391812866 0.560032894736842 0.03508771929824561 0.02412280701754386
0 0.28618421052631576 0.6647478070175438 0.4093567251461988 0.027412280701754384
0 0.46966374269005845 0.9821820175438596 0.1915204678362573 0.02412280701754386
1 0.4638157894736842 0.19106359649122806 0.6622807017543859 0.1370614035087719
0 0.4630847953216374 0.2820723684210526 0.24269005847953215 0.020833333333333332
3 0.45942982456140347 0.3834978070175438 0.5102339181286549 0.12280701754385964
3 0.4674707602339181 0.5216557017543859 0.2309941520467836 0.039473684210526314
3 0.46235380116959063 0.609375 0.6564327485380117 0.07894736842105263
1 0.4784356725146199 0.8209978070175438 0.48684210526315785 0.28289473684210525
