0 0.4762426900584795 0.023300438596491228 0.26900584795321636 0.025219298245614034
0 0.8432017543859649 0.022203947368421052 0.02046783625730994 0.020833333333333332
0 0.47697368421052627 0.06990131578947369 0.8347953216374269 0.046052631578947366
0 0.22624269005847952 0.10992324561403508 0.2543859649122807 0.025219298245614034
0 0.4755116959064327 0.1631030701754386 0.8347953216374269 0.07236842105263158
0 0.22624269005847952 0.21025219298245612 0.2543859649122807 0.02631578947368421
0 0.4784356725146199 0.24972587719298245 0.8260233918128654 0.05263157894736842
0 0.2233187134502924 0.2891995614035088 0.24853801169590642 0.019736842105263157
0 0.4784356725146199 0.3374451754385965 0.8347953216374269 0.07236842105263158
1 0.48647660818713445 0.4832785087719298 0.29239766081871343 0.2149122807017544
0 0.48428362573099415 0.6082785087719298 0.15058479532163743 0.017543859649122806
0 0.23428362573099415 0.6395285087719298 0.25 0.01864035087719298
0 0.48647660818713445 0.6751644736842105 0.8216374269005847 0.05043859649122807
0 0.2503654970760234 0.7228618421052632 0.3611111111111111 0.025219298245614034
0 0.4886695906432748 0.8615679824561403 0.8318713450292398 0.24342105263157893
