3 0.5436769005847953 0.1524122807017544 0.5222953216374269 0.043311403508771926
3 0.5650584795321637 0.22395833333333331 0.4890350877192982 0.05592105263157894
3 0.6145833333333333 0.8326480263157894 0.4718567251461988 0.04906798245614035
0 0.4758771929824561 0.09251644736842105 0.6578947368421052 0.033168859649122806
0 0.32821637426900585 0.11938048245614034 0.29239766081871343 0.016173245614035086
0 0.3336988304093567 0.18283991228070173 0.3881578947368421 0.02412280701754386
0 0.4683845029239766 0.27700109649122806 0.6699561403508771 0.03207236842105263
0 0.23921783625730994 0.31702302631578944 0.21747076023391812 0.018366228070175437
0 0.47989766081871343 0.4358552631578947 0.6900584795321637 0.20778508771929824
0 0.2627923976608187 0.5808662280701754 0.41739766081871343 0.027412280701754384
0 0.26059941520467833 0.6174616228070176 0.27850877192982454 0.022752192982456138
0 0.4758771929824561 0.713952850877193 0.7309941520467835 0.17023026315789472
0 0.40826023391812866 0.8697916666666666 0.60453216374269 0.03399122807017543
