0 0.3029970760233918 0.45751096491228066 0.42105263157894735 0.775219298245614
0 0.6721491228070176 0.07099780701754385 0.1739766081871345 0.019736842105263157
0 0.11293859649122806 0.04194078947368421 0.03508771929824561 0.01644736842105263
0 0.5471491228070176 0.03919956140350877 0.21929824561403508 0.019736842105263157
0 0.9360380116959064 0.04632675438596491 0.04678362573099415 0.029605263157894735
0 0.5924707602339181 0.10882675438596491 0.08771929824561403 0.01864035087719298
0 0.8176169590643274 0.1762609649122807 0.2894736842105263 0.12061403508771928
0 0.8146929824561403 0.3237390350877193 0.2894736842105263 0.11293859649122806
0 0.8132309941520467 0.4788925438596491 0.29239766081871343 0.1337719298245614
0 0.8161549707602339 0.6439144736842105 0.30409356725146197 0.1370614035087719
0 0.8117690058479532 0.7897478070175438 0.2982456140350877 0.11732456140350876
1 0.602704678362573 0.17845394736842105 0.10818713450292397 0.11184210526315788
1 0.6005116959064327 0.3237390350877193 0.10380116959064327 0.11074561403508772
1 0.5997807017543859 0.46847587719298245 0.10526315789473684 0.11074561403508772
1 0.5997807017543859 0.6296600877192982 0.10526315789473684 0.11732456140350876
1 0.5990497076023391 0.7881030701754386 0.1067251461988304 0.11403508771929824
