0 0.4325657894736842 0.12801535087719298 0.6348684210526315 0.02412280701754386
0 0.27814327485380114 0.15364583333333331 0.3260233918128655 0.018366228070175437
0 0.43494152046783624 0.23697916666666666 0.6366959064327485 0.09841008771929824
0 0.2322733918128655 0.30043859649122806 0.24671052631578946 0.012609649122807017
0 0.43494152046783624 0.356359649122807 0.6454678362573099 0.08333333333333333
0 0.43786549707602335 0.4865679824561403 0.6549707602339181 0.06962719298245613
0 0.4371345029239766 0.6441885964912281 0.6776315789473684 0.1381578947368421
0 0.26425438596491224 0.7383497807017544 0.3260233918128655 0.022752192982456138
0 0.4364035087719298 0.7835800438596491 0.6820175438596491 0.056195175438596486
0 0.435672514619883 0.8829495614035088 0.6834795321637427 0.02631578947368421
3 0.5566520467836257 0.1742050438596491 0.3837719298245614 0.02494517543859649
3 0.5195540935672515 0.42434210526315785 0.5010964912280701 0.041118421052631575
3 0.5263157894736842 0.5482456140350876 0.49049707602339176 0.044407894736842105
3 0.5116959064327485 0.8407346491228069 0.5314327485380117 0.05153508771929824
