0 0.47368421052631576 0.09758771929824561 0.6440058479532164 0.015899122807017545
0 0.4820906432748538 0.1552905701754386 0.6608187134502923 0.08799342105263157
0 0.287828947368421 0.2147752192982456 0.2847222222222222 0.023848684210526314
0 0.387609649122807 0.2382127192982456 0.481359649122807 0.025219298245614034
0 0.2902046783625731 0.27001096491228066 0.29532163742690054 0.027412280701754384
0 0.4782529239766082 0.30907346491228066 0.6714181286549707 0.04797149122807017
0 0.47386695906432746 0.4192708333333333 0.6838450292397661 0.11979166666666666
0 0.3389985380116959 0.7053179824561403 0.44773391812865493 0.029605263157894735
0 0.47368421052631576 0.7881030701754386 0.7171052631578947 0.12445175438596491
3 0.5900950292397661 0.3444353070175438 0.4294590643274854 0.020559210526315787
3 0.5986842105263157 0.8692434210526315 0.4948830409356725 0.02631578947368421
1 0.4888523391812865 0.5819627192982456 0.6838450292397661 0.19846491228070173
