0 0.13633040935672514 0.059484649122807015 0.1286549707602339 0.03618421052631579
0 0.5025584795321637 0.054002192982456135 0.2850877192982456 0.03618421052631579
0 0.8490497076023391 0.04851973684210526 0.097953216374269 0.03399122807017543
0 0.49086257309941517 0.13788377192982457 0.6125730994152047 0.06798245614035087
0 0.4236111111111111 0.19709429824561403 0.08333333333333333 0.02850877192982456
0 0.5551900584795322 0.19709429824561403 0.07456140350877193 0.02850877192982456
0 0.49378654970760233 0.25411184210526316 0.7616959064327485 0.07456140350877193
0 0.4930555555555555 0.3379934210526316 0.763157894736842 0.049342105263157895
0 0.27887426900584794 0.3758223684210526 0.33187134502923976 0.017543859649122806
0 0.6107456140350876 0.371984649122807 0.1593567251461988 0.01864035087719298
0 0.498172514619883 0.4355811403508772 0.6681286549707602 0.0668859649122807
0 0.49671052631578944 0.4975328947368421 0.23830409356725146 0.017543859649122806
0 0.5054824561403508 0.6115679824561403 0.7704678362573099 0.19298245614035087
0 0.5054824561403508 0.766173245614035 0.7646198830409356 0.10964912280701754
0 0.2978801169590643 0.9246162280701754 0.4049707602339181 0.13048245614035087
0 0.727704678362573 0.910361842105263 0.40789473684210525 0.15460526315789472
