0 0.16337719298245612 0.12472587719298245 0.29970760233918126 0.17982456140350878
0 0.48282163742690054 0.14226973684210525 0.33040935672514615 0.22149122807017543
0 0.8117690058479532 0.27110745614035087 0.3157894736842105 0.4572368421052631
0 0.8125 0.7513706140350876 0.29678362573099415 0.15021929824561403
0 0.5018274853801169 0.8993969298245613 0.29532163742690054 0.13486842105263158
0 0.7730263157894737 0.9070723684210525 0.21198830409356723 0.0756578947368421
0 0.9367690058479532 0.9421600877192982 0.04239766081871345 0.01864035087719298
1 0.3388157894736842 0.38130482456140347 0.6301169590643274 0.23684210526315788
1 0.8132309941520467 0.584703947368421 0.3070175438596491 0.1611842105263158
1 0.3512426900584795 0.6674890350877193 0.6140350877192982 0.3114035087719298
